Gyroscope,141267419,0.0056925067,0.013415674,0.010685934
LinearAcceleration,141267420,0.13617022,-0.016759412,0.021996727
Gyroscope,141267428,0.007823036,0.014480938,0.0074901404
LinearAcceleration,141267430,0.14619595,-0.020350715,0.019602526
Gyroscope,141267449,0.0110188285,0.013415674,0.004294347
LinearAcceleration,141267450,0.14769232,-0.020350715,0.008678981
Gyroscope,141267469,0.012084093,0.012350409,0.0053596115
LinearAcceleration,141267470,0.14320318,-0.089782566,0.049230773
Gyroscope,141267489,0.0110188285,0.0080893515,0.0021638183
LinearAcceleration,141267490,0.12794015,-0.05865794,0.01810615
Gyroscope,141267509,0.0088883005,0.0048935586,0.004294347
LinearAcceleration,141267510,0.14380173,-0.076614454,0.03232172
Gyroscope,141267529,0.004627242,0.003828294,0.008555405
LinearAcceleration,141267530,0.13108255,-0.049081136,0.029777884
Gyroscope,141267549,3.6618466E-4,0.0048935586,0.011751198
LinearAcceleration,141267550,0.095768064,-0.03935469,-0.008529344
Gyroscope,141267569,-0.0017643442,0.01021988,0.01707752
LinearAcceleration,141267570,0.08215105,-0.015412673,-0.017956512
Gyroscope,141267589,-0.003894873,0.020872524,0.02453437
LinearAcceleration,141267590,0.11566987,-0.06898294,0.01690905
Gyroscope,141267608,-0.013482253,0.02939464,0.027730165
LinearAcceleration,141267609,0.17687166,-0.085891984,0.051325697
Gyroscope,141267629,-0.01774331,0.030459905,0.025599636
LinearAcceleration,141267630,0.2287959,-0.03815759,0.033668462
Gyroscope,141267649,-0.015612782,0.024068318,0.018142784
LinearAcceleration,141267650,0.23552959,-0.0010474633,0.008678981
Gyroscope,141267669,-0.008155931,0.015546203,0.0074901404
LinearAcceleration,141267670,0.23642741,0.012270284,0.025139118
Gyroscope,141267689,-0.003894873,0.005958823,-0.004227768
LinearAcceleration,141267690,0.23148938,0.0134673845,0.017956512
Gyroscope,141267709,0.0024967135,6.3250074E-4,-0.010619354
LinearAcceleration,141267710,0.24555531,-0.017657237,0.03561375
Gyroscope,141267729,0.003561978,-0.0025632926,-0.012749883
LinearAcceleration,141267730,0.21547815,-0.05117606,0.054468088
Gyroscope,141267749,3.6618466E-4,-0.0068243505,-0.015945677
LinearAcceleration,141267750,0.23807344,-0.023493104,0.058957215
Gyroscope,141267769,0.0014314491,-0.011085408,-0.015945677
LinearAcceleration,141267770,0.25677812,-0.036661215,0.07167641
Gyroscope,141267788,0.0056925067,-0.019607523,-0.018076206
LinearAcceleration,141267789,0.22789808,0.063895255,0.047584757
Gyroscope,141267809,0.019540945,-0.027064374,-0.015945677
LinearAcceleration,141267810,0.21113867,0.029777884,0.03755904
Gyroscope,141267829,0.030193588,-0.032390695,-0.011684619
LinearAcceleration,141267830,0.17298107,-0.02439093,0.0052373162
Gyroscope,141267849,0.030193588,-0.032390695,-0.0084888255
LinearAcceleration,141267850,0.10818799,-0.048482586,0.010175358
Gyroscope,141267869,0.030193588,-0.027064374,-0.0031625037
LinearAcceleration,141267870,0.09876082,-0.032022446,0.041748893
Gyroscope,141267889,0.030193588,-0.022803316,-0.0074235615
LinearAcceleration,141267890,0.07392098,-0.019153614,-0.0023942017
Gyroscope,141267909,0.032324117,-0.020672787,-0.013815148
LinearAcceleration,141267910,0.06958149,-0.0037409402,-0.019303251
Gyroscope,141267929,0.034454647,-0.015346466,-0.013815148
LinearAcceleration,141267930,0.05686229,-0.037409402,-0.0028431145
Gyroscope,141267949,0.029128324,-0.011085408,-0.010619354
LinearAcceleration,141267950,0.040402155,-0.026934769,-0.014514848
Gyroscope,141267969,0.022736738,-0.007889614,-0.0052930326
LinearAcceleration,141267970,0.035913024,-0.027383681,-0.0038905777
Gyroscope,141267989,0.01847568,-0.008954879,0.004294347
LinearAcceleration,141267990,0.06599019,-0.032621,-1.496376E-4
Gyroscope,141268009,0.01847568,-0.012150672,0.010685934
LinearAcceleration,141268010,0.047584757,0.010025719,-0.030376434
Gyroscope,141268029,0.019540945,-0.015346466,0.022403842
LinearAcceleration,141268030,0.02633622,-0.069132574,-0.020949265
Gyroscope,141268049,0.013149357,-0.016411731,0.03199122
LinearAcceleration,141268050,0.024690205,-0.062099606,-0.02813187
Gyroscope,141268069,0.006757771,-0.016411731,0.03838281
LinearAcceleration,141268070,-0.0013467384,-0.042197805,-0.059705406
Gyroscope,141268089,0.003561978,-0.014281201,0.04583966
LinearAcceleration,141268090,-2.992752E-4,-0.08574235,-0.019752163
Gyroscope,141268109,-0.003894873,-0.010020143,0.051165983
LinearAcceleration,141268110,-0.03875614,-0.016759412,-0.085293435
Gyroscope,141268129,-0.009221195,-0.001498028,0.058622833
LinearAcceleration,141268130,-0.047734395,-0.019752163,-0.044143096
Gyroscope,141268149,-0.008155931,0.009154616,0.06607968
LinearAcceleration,141268150,-0.040551793,0.0035913025,-0.05057751
Gyroscope,141268169,-0.0028296087,0.01980726,0.07140601
LinearAcceleration,141268170,-0.055964466,0.04878186,-0.058508303
Gyroscope,141268189,0.009953564,0.0336557,0.08205865
LinearAcceleration,141268190,-0.06988076,0.062099606,-0.0676362
Gyroscope,141268209,0.022736738,0.053895723,0.10123341
LinearAcceleration,141268210,-0.1249474,0.16594811,-0.10848726
Gyroscope,141268229,0.046172556,0.08691892,0.14917031
LinearAcceleration,141268230,-0.15711948,0.16699557,-0.09427169
Gyroscope,141268250,0.07067364,0.11887685,0.19178088
LinearAcceleration,141268251,-0.122852474,0.107140526,-0.04683657
Gyroscope,141268269,0.082391545,0.14337793,0.21521671
LinearAcceleration,141268270,-0.08559271,-0.0070329676,0.009876082
Gyroscope,141268289,0.07813049,0.15829164,0.22373882
LinearAcceleration,141268290,0.0058358666,-0.06838439,0.065541275
Gyroscope,141268309,0.06321678,0.15829164,0.22693461
LinearAcceleration,141268310,0.092176765,-0.063895255,0.09935937
Gyroscope,141268329,0.048303083,0.14018214,0.22799988
LinearAcceleration,141268330,0.17328034,-0.08125322,0.12389994
Gyroscope,141268349,0.029128324,0.108224206,0.2216083
LinearAcceleration,141268350,0.20350714,-0.036661215,0.116418056
Gyroscope,141268369,0.014214622,0.06880943,0.21521671
LinearAcceleration,141268370,0.17013796,0.049230773,0.104297414
Gyroscope,141268389,0.007823036,0.035786226,0.22373882
LinearAcceleration,141268390,0.14036007,-0.02498948,0.11432313
Gyroscope,141268409,-0.003894873,0.005958823,0.23439147
LinearAcceleration,141268410,0.07751228,-0.020350715,0.093373865
Gyroscope,141268429,-0.019873839,-0.015346466,0.25356624
LinearAcceleration,141268430,0.028580783,-0.005985504,0.0796072
Gyroscope,141268449,-0.02946122,-0.02812964,0.2812631
LinearAcceleration,141268450,-0.043993454,-0.048632223,0.057760116
Gyroscope,141268469,-0.041179128,-0.034521226,0.30256838
LinearAcceleration,141268470,-0.088136554,-0.046537295,0.031124622
Gyroscope,141268489,-0.05076651,-0.032390695,0.32493895
LinearAcceleration,141268490,-0.1213561,-0.016460137,0.0053869537
Gyroscope,141268509,-0.05609283,-0.023868581,0.34624422
LinearAcceleration,141268511,-0.09606735,0.0016460137,-0.037259765
Gyroscope,141268529,-0.059288625,-0.020672787,0.36435372
LinearAcceleration,141268530,-0.042347442,-0.07766192,0.02124854
Gyroscope,141268549,-0.06994127,-0.02812964,0.36968005
LinearAcceleration,141268550,-0.0053869537,0.0025438394,0.042347442
Gyroscope,141268569,-0.07633285,-0.041978076,0.3675495
LinearAcceleration,141268570,0.026785132,0.010025719,0.09142858
Gyroscope,141268589,-0.07633285,-0.061152834,0.35689688
LinearAcceleration,141268590,0.03172317,0.06928221,0.04743512
Gyroscope,141268610,-0.064614944,-0.08245812,0.34198317
LinearAcceleration,141268611,0.019452889,0.12524667,-0.0043394906
Gyroscope,141268630,-0.043309655,-0.10056762,0.33026525
LinearAcceleration,141268631,0.033369187,0.09935937,0.012868834
Gyroscope,141268649,-0.022004368,-0.115481324,0.33026525
LinearAcceleration,141268651,0.0796072,-0.054468088,0.07107786
Gyroscope,141268670,-0.023069633,-0.12719923,0.33452633
LinearAcceleration,141268671,0.045938745,-0.09068039,0.0676362
Gyroscope,141268690,-0.0390486,-0.13891713,0.33452633
LinearAcceleration,141268691,0.036661215,-0.111180745,0.058508303
Gyroscope,141268710,-0.043309655,-0.14637399,0.3292
LinearAcceleration,141268711,0.040402155,0.06584055,-0.045938745
Gyroscope,141268730,-0.0070906663,-0.1399824,0.33985263
LinearAcceleration,141268731,0.054468088,-0.015861586,-0.04997896
Gyroscope,141268750,0.03125885,-0.11867712,0.36328846
LinearAcceleration,141268751,0.06434417,-0.2789245,-0.018555064
Gyroscope,141268769,0.03125885,-0.10589394,0.3323958
LinearAcceleration,141268771,0.043394905,-0.645387,0.07152677
Gyroscope,141268789,-0.006025402,-0.115481324,0.24184832
LinearAcceleration,141268791,0.112976395,-0.77123225,0.17477672
Gyroscope,141268809,-0.06994127,-0.14104767,0.13212608
LinearAcceleration,141268810,0.06958149,-0.36346975,0.14544775
Gyroscope,141268830,-0.10616026,-0.15489611,0.068210214
LinearAcceleration,141268831,0.02633622,-0.18495208,0.06569091
Gyroscope,141268849,-0.12320449,-0.15170032,0.061818626
LinearAcceleration,141268850,0.017657237,-5.985504E-4,0.07272387
Gyroscope,141268869,-0.12533502,-0.15170032,0.07247127
LinearAcceleration,141268870,0.018704701,0.18270752,0.11731588
Gyroscope,141268889,-0.10509499,-0.16554876,0.08845024
LinearAcceleration,141268890,-0.0031423897,0.33444005,0.1364695
Gyroscope,141268909,-0.07526759,-0.17939718,0.1225387
LinearAcceleration,141268910,-0.10100538,0.26800096,0.15951368
Gyroscope,141268929,-0.059288625,-0.18046245,0.16514927
LinearAcceleration,141268930,-0.1364695,0.2889502,0.113574944
Gyroscope,141268949,-0.057158094,-0.17087507,0.21947776
LinearAcceleration,141268950,-0.10010756,0.17642274,0.16385318
Gyroscope,141268969,-0.07526759,-0.15915716,0.2695452
LinearAcceleration,141268970,-0.08200141,0.25363573,0.2124854
Gyroscope,141268989,-0.08485497,-0.15276557,0.30576417
LinearAcceleration,141268990,-0.0035913025,0.35823244,0.14888942
Gyroscope,141269010,-0.06781074,-0.16235295,0.31961262
LinearAcceleration,141269011,0.0712275,0.41913494,0.16624738
Gyroscope,141269029,-0.016678046,-0.18259299,0.32067788
LinearAcceleration,141269030,0.049081136,0.28221652,0.114772044
Gyroscope,141269050,0.030193588,-0.19644141,0.31535155
LinearAcceleration,141269051,-0.002992752,0.18046296,0.048632223
Gyroscope,141269069,0.057890464,-0.19218037,0.31748208
LinearAcceleration,141269071,-0.054917,0.07392098,-0.02558803
Gyroscope,141269090,0.069608375,-0.17407086,0.3292
LinearAcceleration,141269091,0.015113398,-0.04833295,0.0016460137
Gyroscope,141269109,0.0717389,-0.16235295,0.33665684
LinearAcceleration,141269110,0.099060096,-0.14634559,0.02498948
Gyroscope,141269130,0.06854311,-0.1612877,0.33665684
LinearAcceleration,141269131,0.19303252,-0.12988544,0.08559271
Gyroscope,141269150,0.065347314,-0.16661401,0.33985263
LinearAcceleration,141269151,0.16130935,-0.2240075,0.036511578
Gyroscope,141269170,0.053629406,-0.1698098,0.34091792
LinearAcceleration,141269171,0.14544775,-0.23178865,0.02064999
Gyroscope,141269190,0.03765044,-0.16661401,0.3473095
LinearAcceleration,141269191,0.11656769,-0.16639702,-0.005985504
Gyroscope,141269210,0.019540945,-0.16022243,0.35689688
LinearAcceleration,141269211,0.15352818,-0.12794015,0.021547815
Gyroscope,141269230,0.0056925067,-0.15596136,0.35583162
LinearAcceleration,141269231,0.18450317,-0.08693945,-0.030226797
Gyroscope,141269250,0.003561978,-0.15276557,0.3505053
LinearAcceleration,141269251,0.1726818,0.085293435,-0.032770637
Gyroscope,141269270,0.033389382,-0.14530873,0.3526358
LinearAcceleration,141269271,0.10654198,0.067935474,0.038905777
Gyroscope,141269290,0.069608375,-0.13785188,0.33665684
LinearAcceleration,141269291,0.06823475,-0.08259996,0.012719196
Gyroscope,141269310,0.082391545,-0.12719923,0.30043787
LinearAcceleration,141269311,0.14694414,-0.114173494,0.0134673845
Gyroscope,141269330,0.09197892,-0.12613396,0.27380624
LinearAcceleration,141269331,0.4269161,-0.21577743,0.20754737
Gyroscope,141269350,0.08878313,-0.1612877,0.21734723
LinearAcceleration,141269351,0.5292682,-0.1038485,0.19033903
Gyroscope,141269370,0.09091366,-0.20709406,0.16941033
LinearAcceleration,141269371,0.47913963,-0.10654198,0.12584522
Gyroscope,141269389,0.08771787,-0.24118252,0.13638714
LinearAcceleration,141269390,0.3669114,-0.12749124,0.06015432
Gyroscope,141269410,0.07706522,-0.25290042,0.11508185
LinearAcceleration,141269411,0.36661214,-0.2721908,0.14425065
Gyroscope,141269429,0.05149888,-0.25822675,0.07886286
LinearAcceleration,141269431,0.29927522,-0.2677017,0.13587095
Gyroscope,141269449,0.03125885,-0.2603573,0.027730165
LinearAcceleration,141269451,0.13961188,-0.10160393,0.071377136
Gyroscope,141269470,0.030193588,-0.239052,-0.0084888255
LinearAcceleration,141269471,0.0055365916,0.049679685,-0.016011223
Gyroscope,141269490,0.042976763,-0.1879193,-0.010619354
LinearAcceleration,141269491,-0.004189853,0.045489833,-0.012569559
Gyroscope,141269509,0.046172556,-0.12080765,-0.0031625037
LinearAcceleration,141269511,0.102052845,0.17402853,0.023193829
Gyroscope,141269529,0.061086256,-0.059022307,0.0021638183
LinearAcceleration,141269530,0.2527379,0.0067336923,0.13512276
Gyroscope,141269549,0.07706522,-0.02812964,-0.034055173
LinearAcceleration,141269568,0.36107555,-0.25198972,0.24735096
Gyroscope,141269570,0.08132628,-0.031325433,-0.11821106
LinearAcceleration,141269571,0.38501757,-0.20874447,0.22071546
Gyroscope,141269589,0.09943578,-0.044108607,-0.20769328
LinearAcceleration,141269590,0.3470096,-0.10684125,0.12958616
Gyroscope,141270269,0.13458951,-0.051565457,-0.26947862
LinearAcceleration,141270271,0.28491,-0.10130466,0.07751228
Gyroscope,141270271,0.1708085,-0.05050019,-0.30782813
LinearAcceleration,141270272,0.30585927,-0.08574235,0.03875614
Gyroscope,141270272,0.19637483,-0.051565457,-0.32274184
LinearAcceleration,141270272,0.33189622,-0.34521395,0.07436989
Gyroscope,141270273,0.18785273,-0.06434863,-0.33339447
LinearAcceleration,141270273,0.30496144,-0.33369187,0.05117606
Gyroscope,141270274,0.17293902,-0.09417603,-0.35150397
LinearAcceleration,141270274,0.26007015,-0.27847558,-0.0016460137
Gyroscope,141270277,-0.108290784,-0.19218037,-0.5432516
LinearAcceleration,141270277,-0.86236155,0.17223288,0.10220248
Gyroscope,141270277,-0.07100653,-0.20496354,-0.57627475
LinearAcceleration,141270278,-2.6780643,0.5161001,0.027832596
Gyroscope,141270278,-0.0539623,-0.1996372,-0.57201374
LinearAcceleration,141270278,-2.636465,0.3808277,0.06628946
Gyroscope,141270279,-0.052897036,-0.19218037,-0.56455684
LinearAcceleration,141270279,-2.5629928,0.2911948,0.17896658
Gyroscope,141270288,-0.07420233,-0.1911151,-0.5613611
LinearAcceleration,141270289,-2.4298155,0.14574704,0.28835166
Gyroscope,141270308,-0.09976867,-0.19431089,-0.5453821
LinearAcceleration,141270309,-2.3220763,0.2486977,0.26755205
Gyroscope,141270329,-0.10509499,-0.21028985,-0.53579473
LinearAcceleration,141270329,-2.3737013,0.23104046,0.24839842
Gyroscope,141270349,-0.0869855,-0.22839935,-0.5272726
LinearAcceleration,141270349,-2.3353941,0.21188685,0.19198506
Gyroscope,141270370,-0.07526759,-0.24118252,-0.5262073
LinearAcceleration,141270371,-2.3469162,0.53465515,0.041000705
Gyroscope,141270390,-0.05076651,-0.2358562,-0.4910536
LinearAcceleration,141270391,-2.2720973,0.5276222,0.0043394906
Gyroscope,141270410,-0.037983336,-0.22307304,-0.44205144
LinearAcceleration,141270411,-2.1389198,0.30062196,0.07586627
Gyroscope,141270430,-0.03691807,-0.2177467,-0.39944088
LinearAcceleration,141270431,-2.0717328,0.22729953,0.0037409402
Gyroscope,141270451,-0.012416989,-0.21348564,-0.3600261
LinearAcceleration,141270452,-2.0638018,0.17372926,-0.08604162
Gyroscope,141270470,0.022736738,-0.19857195,-0.3056976
LinearAcceleration,141270471,-2.0124762,0.2264017,-0.10788871
Gyroscope,141270490,0.05469467,-0.17726666,-0.24923858
LinearAcceleration,141270491,-1.9529204,0.10474633,-0.062698156
Gyroscope,141270510,0.08132628,-0.15170032,-0.1949101
LinearAcceleration,141270511,-1.8513165,-0.07691373,-0.06284779
Gyroscope,141270530,0.10795789,-0.13252555,-0.15762584
LinearAcceleration,141270531,-1.7785926,-0.23403321,-0.040402155
Gyroscope,141270550,0.12180633,-0.11867712,-0.13525529
LinearAcceleration,141270551,-1.6962919,-0.38696286,-0.028431145
Gyroscope,141270570,0.11434948,-0.10482868,-0.12140685
LinearAcceleration,141270571,-1.6596307,-0.3179799,-0.044741645
Gyroscope,141270590,0.09943578,-0.08884971,-0.111819476
LinearAcceleration,141270591,-1.5716438,-0.42541972,0.087687634
Gyroscope,141270610,0.0717389,-0.08032759,-0.1171458
LinearAcceleration,141270611,-1.5198692,-0.44023383,0.10070611
Gyroscope,141270630,0.03551991,-0.08032759,-0.14164688
LinearAcceleration,141270631,-1.491438,-0.24106619,0.04563947
Gyroscope,141270650,0.0110188285,-0.07926233,-0.15975638
LinearAcceleration,141270651,-1.4787189,-0.13257892,0.022894554
Gyroscope,141270670,-0.01028646,-0.08245812,-0.17147428
LinearAcceleration,141270671,-1.4570214,-0.07332243,0.15981296
Gyroscope,141270690,-0.032657012,-0.09311077,-0.1917143
LinearAcceleration,141270691,-1.4710873,-0.02064999,0.3254618
Gyroscope,141270710,-0.0539623,-0.10376342,-0.21088907
LinearAcceleration,141270711,-1.4679449,0.050128598,0.24540567
Gyroscope,141270730,-0.059288625,-0.10908973,-0.21195433
LinearAcceleration,141270731,-1.4012065,0.30900165,0.1937807
Gyroscope,141270750,-0.024134897,-0.10908973,-0.1799964
LinearAcceleration,141270751,-1.3899838,0.11432313,0.20799628
Gyroscope,141270770,3.6618466E-4,-0.11122026,-0.13951635
LinearAcceleration,141270771,-1.2990041,-0.054767363,0.24824879
Gyroscope,141270790,-0.006025402,-0.12293817,-0.123537384
LinearAcceleration,141270791,-1.2442367,-0.089782566,0.2757821
Gyroscope,141270810,-0.011351724,-0.14104767,-0.094775245
LinearAcceleration,141270811,-1.2057798,-0.32336688,0.30271688
Gyroscope,141270830,-0.035852805,-0.1612877,-0.081992075
LinearAcceleration,141270831,-1.245733,-0.15278,0.18659809
Gyroscope,141270850,-0.03691807,-0.16767928,-0.03085938
LinearAcceleration,141270851,-0.90141696,-0.004938041,-0.10010756
Gyroscope,141270870,-0.030526483,-0.18152772,-0.023402527
LinearAcceleration,141270871,-1.1481694,-0.104895964,0.22954409
Gyroscope,141270890,-0.030526483,-0.17620139,0.013881727
LinearAcceleration,141270891,-1.1903671,-0.30032268,0.2228104
Gyroscope,141270910,-0.07100653,-0.17939718,-0.022337263
LinearAcceleration,141270911,-1.3361142,0.18644845,-0.08783727
Gyroscope,141270930,-0.035852805,-0.16341822,0.014946992
LinearAcceleration,141270931,-1.2193968,-0.050427873,0.08783727
Gyroscope,141270951,-0.0145475175,-0.15489611,0.033056486
LinearAcceleration,141270952,-1.1944073,-0.09726445,0.080056116
Gyroscope,141270970,-0.008155931,-0.15489611,0.039448075
LinearAcceleration,141270971,-1.230919,-0.07556699,0.089782566
Gyroscope,141270990,0.003561978,-0.14743926,0.044774394
LinearAcceleration,141270991,-1.2692262,0.057909753,0.0796072
Gyroscope,141271010,0.044042025,-0.13039503,0.0596881
LinearAcceleration,141271011,-1.2714708,0.06374562,0.059705406
Gyroscope,141271030,0.08665261,-0.10269815,0.07992812
LinearAcceleration,141271031,-1.2364556,-0.0712275,0.112377845
Gyroscope,141271050,0.10689263,-0.070740215,0.096972354
LinearAcceleration,141271051,-1.1133038,0.08200141,0.009127894
Gyroscope,141271070,0.12713265,-0.0473044,0.1225387
LinearAcceleration,141271071,-1.0256162,-0.1297358,0.15188217
Gyroscope,141271090,0.12393686,-0.03345596,0.14597452
LinearAcceleration,141271091,-0.96905315,-0.41868603,0.23403321
Gyroscope,141271110,0.09197892,-0.029194903,0.1555619
LinearAcceleration,141271111,-0.950947,-0.36661214,0.21906945
Gyroscope,141271130,0.067477845,-0.023868581,0.18006298
LinearAcceleration,141271131,-0.91114336,-0.29987377,0.13422494
Gyroscope,141271150,0.05895573,-0.018542258,0.20882511
LinearAcceleration,141271151,-0.89573073,-0.10474633,0.11192893
Gyroscope,141271170,0.065347314,-0.016411731,0.2301304
LinearAcceleration,141271171,-0.8333318,-0.15502456,0.13377602
Gyroscope,141271190,0.05895573,-0.017476995,0.24397884
LinearAcceleration,141271191,-0.7746739,-0.30735564,0.17582418
Gyroscope,141271210,0.038715705,-0.023868581,0.24397884
LinearAcceleration,141271211,-0.76419926,-0.16101007,0.09187749
Gyroscope,141271230,0.022736738,-0.027064374,0.24078305
LinearAcceleration,141271231,-0.7472902,-0.13901334,0.1575684
Gyroscope,141271250,0.0110188285,-0.032390695,0.2301304
LinearAcceleration,141271251,-0.72634095,0.025139118,0.10175357
Gyroscope,141271270,0.0088883005,-0.04091281,0.20775986
LinearAcceleration,141271271,-0.7425018,0.15457565,0.07062895
Gyroscope,141271290,0.029128324,-0.04304334,0.20243353
LinearAcceleration,141271291,-0.73711485,0.12120646,0.061650693
Gyroscope,141271310,0.055759937,-0.04091281,0.2120209
LinearAcceleration,141271311,-0.7022493,0.0026934769,0.11252748
Gyroscope,141271330,0.07599996,-0.04091281,0.2216083
LinearAcceleration,141271331,-0.65242,-0.03606266,0.16026187
Gyroscope,141271350,0.08665261,-0.04517387,0.22373882
LinearAcceleration,141271351,-0.59346277,0.019153614,0.11971009
Gyroscope,141271370,0.096239984,-0.044108607,0.23545673
LinearAcceleration,141271371,-0.54857147,-0.111779295,0.1400608
Gyroscope,141271390,0.098370515,-0.04091281,0.25676203
LinearAcceleration,141271391,-0.49006316,-0.33473933,0.17328034
Gyroscope,141271410,0.069608375,-0.04517387,0.25782728
LinearAcceleration,141271411,-0.44113165,-0.3362357,0.18869302
Gyroscope,141271430,0.030193588,-0.053695984,0.25569674
LinearAcceleration,141271431,-0.41135377,-0.21398178,0.19812019
Gyroscope,141271451,-0.0017643442,-0.06647916,0.24504411
LinearAcceleration,141271452,-0.37394437,-0.069132574,0.1806126
Gyroscope,141271470,-0.022004368,-0.084588654,0.23119567
LinearAcceleration,141271471,-0.35389295,0.18614918,0.116418056
Gyroscope,141271490,-0.023069633,-0.09311077,0.24397884
LinearAcceleration,141271491,-0.42392334,0.062099606,0.12779051
Gyroscope,141271510,-0.032657012,-0.09311077,0.2482399
LinearAcceleration,141271511,-0.32486326,0.37319618,-0.08544307
Gyroscope,141271530,0.004627242,-0.097371824,0.25569674
LinearAcceleration,141271531,-0.40357262,-0.12315175,0.24331075
Gyroscope,141271550,-0.0049601374,-0.09417603,0.33346105
LinearAcceleration,141271551,-0.15188217,-1.2612954,0.5517139
Gyroscope,141271571,-0.19670774,-0.12400344,0.2908505
LinearAcceleration,141271572,-0.45025957,0.3875614,-0.11911154
Gyroscope,141271591,-0.16901086,-0.11335079,0.3228084
LinearAcceleration,141271592,-0.5223849,0.45205522,-0.18136078
Gyroscope,141271611,-0.06141915,-0.07819707,0.36648425
LinearAcceleration,141271612,-0.5280711,-0.10878654,-0.071975686
Gyroscope,141271631,-0.032657012,-0.053695984,0.33026525
LinearAcceleration,141271632,-0.54917,-0.25812486,0.023642741
Gyroscope,141271651,-0.031591747,-0.020672787,0.30150312
LinearAcceleration,141271652,-0.46417585,-0.24779987,-0.011671733
Gyroscope,141271670,-0.033722278,0.005958823,0.24397884
LinearAcceleration,141271671,-0.394744,0.13153146,-0.006584055
Gyroscope,141271691,-6.9907977E-4,0.02939464,0.19710721
LinearAcceleration,141271692,-0.2841618,0.019003976,0.009576807
Gyroscope,141271710,0.012084093,0.04111255,0.12786502
LinearAcceleration,141271711,-0.2665046,0.2645593,-0.039205052
Gyroscope,141271730,0.03125885,0.049634665,0.08418918
LinearAcceleration,141271731,-0.23822308,-0.09053075,0.055216275
Gyroscope,141271750,0.017410416,0.051765192,0.039448075
LinearAcceleration,141271751,-0.16594811,0.1690905,-0.051624972
Gyroscope,141271770,0.034454647,0.040047284,-0.0074235615
LinearAcceleration,141271772,-0.15502456,0.25004444,0.020949265
Gyroscope,141271790,0.07280417,0.030459905,-0.0084888255
LinearAcceleration,141271791,-0.10444705,-0.06688801,0.08798691
Gyroscope,141271810,0.06854311,0.017676732,-0.026598321
LinearAcceleration,141271812,-0.18764555,0.028580783,0.07855974
Gyroscope,141271830,0.080261014,0.012350409,-0.0084888255
LinearAcceleration,141271831,-0.13198037,-0.057760116,-0.0028431145
Gyroscope,141271850,0.09410945,-0.0025632926,-0.0052930326
LinearAcceleration,141271851,-0.17178397,0.33159694,-0.038456865
Gyroscope,141271870,0.16867797,-0.019607523,0.033056486
LinearAcceleration,141271872,-0.12270284,0.0047884034,0.10399814
Gyroscope,141271890,0.2187454,-0.041978076,0.06501442
LinearAcceleration,141271891,-0.22714989,-0.12928689,0.20081367
Gyroscope,141271910,0.2485728,-0.061152834,0.112951316
LinearAcceleration,141271911,-0.21188685,-0.106093064,0.047135845
Gyroscope,141271930,0.27520442,-0.08245812,0.15449663
LinearAcceleration,141271931,-0.3211223,0.35090017,-0.056114104
Gyroscope,141271951,0.34231606,-0.09098024,0.2546315
LinearAcceleration,141271952,-0.29209262,-0.09606735,0.100257196
Gyroscope,141271970,0.32207605,-0.10802447,0.31641683
LinearAcceleration,141271972,-0.30151978,-0.53824645,0.25917232
Gyroscope,141271991,0.23792015,-0.1314603,0.33026525
LinearAcceleration,141271992,-0.4333505,-0.3369839,0.09756372
Gyroscope,141272011,0.20276643,-0.1399824,0.33026525
LinearAcceleration,141272012,-0.5467758,-0.049081136,0.04249708
Gyroscope,141272031,0.20383169,-0.12080765,0.35370108
LinearAcceleration,141272032,-0.6051345,0.06000468,0.011671733
Gyroscope,141272051,0.15589479,-0.09098024,0.35902742
LinearAcceleration,141272052,-0.6168062,-0.034267012,0.05940613
Gyroscope,141272071,0.08665261,-0.046239134,0.3686148
LinearAcceleration,141272072,-0.618153,-0.0010474633,0.008379706
Gyroscope,141272091,0.050433613,0.009154616,0.37820217
LinearAcceleration,141272092,-0.5379472,-0.121056825,0.037110128
Gyroscope,141272111,0.05256414,0.05602625,0.37820217
LinearAcceleration,141272112,-0.3847183,-0.046537295,0.044292733
Gyroscope,141272131,0.05895573,0.0815926,0.3675495
LinearAcceleration,141272132,-0.18555063,-0.03546411,0.17582418
Gyroscope,141272151,0.03551991,0.080527335,0.34091792
LinearAcceleration,141272152,-0.092176765,0.14170681,0.20874447
Gyroscope,141272171,0.022736738,0.07093995,0.32706946
LinearAcceleration,141272172,-0.02633622,0.0026934769,0.374094
Gyroscope,141272191,0.0024967135,0.059222043,0.3323958
LinearAcceleration,141272192,-0.024540568,-0.056114104,0.3067571
Gyroscope,141272211,0.0014314491,0.049634665,0.35157055
LinearAcceleration,141272212,-0.0074818805,0.18734628,0.29897594
Gyroscope,141272231,0.040846232,0.02726411,0.38139796
LinearAcceleration,141272232,0.073621705,0.039055414,0.3854665
Gyroscope,141272251,0.03765044,-0.005759086,0.38992006
LinearAcceleration,141272252,0.005087679,-0.1038485,0.4161422
Gyroscope,141272271,-0.012416989,-0.02812964,0.39737692
LinearAcceleration,141272272,-0.08364742,-0.013916298,0.3107973
Gyroscope,141272291,-0.05822336,-0.029194903,0.41761693
LinearAcceleration,141272292,-0.11776479,-0.025887307,0.30391398
Gyroscope,141272310,-0.10402973,-0.02599911,0.4431833
LinearAcceleration,141272311,-0.0664391,-0.15457565,0.32097265
Gyroscope,141272331,-0.16048874,-0.034521226,0.4399875
LinearAcceleration,141272332,-0.10055647,0.14275427,0.22296004
Gyroscope,141272351,-0.18392456,-0.03771702,0.43040013
LinearAcceleration,141272352,-0.2587234,0.23927054,0.079457566
Gyroscope,141272371,-0.20203406,-0.011085408,0.4272043
LinearAcceleration,141272372,-0.32935238,0.35703534,-0.018854339
Gyroscope,141272391,-0.1945772,0.035786226,0.4282696
LinearAcceleration,141272392,-0.28520927,0.27757776,-0.008379706
Gyroscope,141272411,-0.15090136,0.07413574,0.40909484
LinearAcceleration,141272413,-0.12449849,0.10998364,0.0688333
Gyroscope,141272431,-0.11468238,0.08691892,0.36435372
LinearAcceleration,141272432,-0.031423897,0.04878186,0.10594343
Gyroscope,141272451,-0.10616026,0.09437577,0.33026525
LinearAcceleration,141272453,-0.01616086,0.11791443,0.051774614
Gyroscope,141272471,-0.097638145,0.10502841,0.3142863
LinearAcceleration,141272472,0.01062427,0.097414084,0.06419453
Gyroscope,141272491,-0.06568021,0.10502841,0.30043787
LinearAcceleration,141272492,0.103698865,-0.086490534,0.17298107
Gyroscope,141272511,-0.03691807,0.08585366,0.2482399
LinearAcceleration,141272512,0.032022446,-0.09861118,0.10639234
Gyroscope,141272531,-0.037983336,0.076266274,0.200303
LinearAcceleration,141272532,-0.011971008,-0.007631518,0.064493805
Gyroscope,141272550,-0.041179128,0.07946207,0.16727981
LinearAcceleration,141272552,-0.030974984,-0.08245032,0.11207857
Gyroscope,141272571,-0.035852805,0.07733154,0.13106081
LinearAcceleration,141272571,-0.0398036,-0.14335282,0.19512744
Gyroscope,141273553,-0.02946122,0.06774416,0.09058077
LinearAcceleration,141273554,-0.09068039,-0.07826047,0.20380642
Gyroscope,141273555,-0.042244393,0.063483104,0.07673233
LinearAcceleration,141273555,-0.18914193,-0.08693945,0.2208651
Gyroscope,141273555,-0.06354968,0.061352573,0.069275476
LinearAcceleration,141273556,-0.21502924,0.29493573,0.13931261
Gyroscope,141273556,-0.047570713,0.064548366,0.085254446
LinearAcceleration,141273557,-0.20036475,-0.11746552,0.33593643
Gyroscope,141273557,-0.07313706,0.07093995,0.10123341
LinearAcceleration,141273557,-0.17627311,0.06239888,0.25902268
Gyroscope,141273558,-0.08272444,0.07093995,0.11082079
LinearAcceleration,141273559,-0.1822586,0.4846762,0.1774702
Gyroscope,141273559,0.04510729,0.037916757,0.4517054
LinearAcceleration,141273559,0.6349124,-0.3847183,0.31289223
Gyroscope,141273560,0.060020994,0.047504134,0.47514123
LinearAcceleration,141273560,0.6371569,-0.40895957,0.22041619
Gyroscope,141273560,0.03551991,0.05815678,0.5017728
LinearAcceleration,141273561,0.79053545,-0.34476504,0.28820202
Gyroscope,141273561,0.3263371,0.044308342,0.2812631
LinearAcceleration,141273562,2.1525369,0.7703344,-0.87313545
Gyroscope,141273562,0.50530154,0.005958823,0.30682945
LinearAcceleration,141273563,2.6678889,-0.52058923,-0.54288524
Gyroscope,141273563,0.47973517,-0.12400344,0.1853893
LinearAcceleration,141273563,2.293346,-0.66244566,-0.72634095
Gyroscope,141273564,0.410493,-0.18259299,0.10655973
LinearAcceleration,141273564,1.6300025,0.13302784,-1.8215386
Gyroscope,141273564,0.45736462,-0.097371824,0.16301875
LinearAcceleration,141273565,2.0693386,-0.8225579,-1.5185224
Gyroscope,141273570,0.5021057,-0.051565457,0.15343137
LinearAcceleration,141273570,2.5309706,-1.5509938,-1.2322657
Gyroscope,141273590,0.43818986,-0.08884971,0.03199122
LinearAcceleration,141273590,2.5779567,-1.4440029,-1.060781
Gyroscope,141273610,0.39877507,-0.13465609,-0.07346996
LinearAcceleration,141273610,2.3796868,-1.6635213,-1.0627263
Gyroscope,141273631,0.374274,-0.15383084,-0.16295217
LinearAcceleration,141273633,2.1841104,-1.8222867,-0.8156746
Gyroscope,141273652,0.3625561,-0.15170032,-0.24071647
LinearAcceleration,141273653,2.0106804,-1.837849,-0.46208093
Gyroscope,141273671,0.28585705,-0.15276557,-0.279066
LinearAcceleration,141273673,2.1652563,-1.6386814,0.03321955
Gyroscope,141273691,0.17293902,-0.19324562,-0.355765
LinearAcceleration,141273692,2.0219033,-0.58089316,-0.29747957
Gyroscope,141273711,0.19104852,-0.21987724,-0.42181143
LinearAcceleration,141273712,1.839944,-0.2264017,-0.40536827
Gyroscope,141273731,0.31674972,-0.22413829,-0.45696515
LinearAcceleration,141273732,1.8992004,-1.5915456,0.27368718
Gyroscope,141273751,0.29437917,-0.2805973,-0.57414424
LinearAcceleration,141273752,1.5589246,-2.1239562,0.6844424
Gyroscope,141273771,0.09517472,-0.33066472,-0.72967285
LinearAcceleration,141273772,0.86370826,-1.0808325,0.24974516
Gyroscope,141273791,-0.024134897,-0.2774015,-0.7637613
LinearAcceleration,141273793,0.57131636,0.1539771,-0.13108255
Gyroscope,141273811,0.014214622,-0.16661401,-0.68493176
LinearAcceleration,141273812,0.70419455,0.13078327,0.09412205
Gyroscope,141273831,0.026997795,-0.10056762,-0.6721486
LinearAcceleration,141273833,0.78888947,0.16490065,0.23148938
Gyroscope,141273851,0.013149357,-0.061152834,-0.66895276
LinearAcceleration,141273852,0.847697,0.044143096,0.3036147
Gyroscope,141273871,0.009953564,-0.020672787,-0.6764096
LinearAcceleration,141273873,0.95603466,0.07392098,0.19048867
Gyroscope,141273891,0.033389382,0.025133582,-0.6902581
LinearAcceleration,141273892,1.17271,0.2976292,0.019452889
Gyroscope,141273911,0.08132628,0.037916757,-0.7339339
LinearAcceleration,141273912,1.3555671,0.34446576,-0.07062895
Gyroscope,141273931,0.12074106,0.0016977652,-0.8276772
LinearAcceleration,141273933,1.2587515,0.360477,-0.33069912
Gyroscope,141273951,0.14737268,-0.036651753,-0.93207306
LinearAcceleration,141273952,1.0164883,0.27712885,-0.52732295
Gyroscope,141273971,0.17613481,-0.04304334,-0.9895974
LinearAcceleration,141273973,0.89543146,-0.26635495,-0.50831896
Gyroscope,141273991,0.17187376,-0.038782284,-1.0513827
LinearAcceleration,141273993,0.64718264,-0.45699325,-0.73367316
Gyroscope,141274011,0.15909058,-0.0068243505,-1.1184944
LinearAcceleration,141274012,0.5319617,-0.39968204,-1.0470144
Gyroscope,141274031,0.1708085,0.059222043,-1.1696271
LinearAcceleration,141274032,0.8997709,-0.19407998,-0.99628717
Gyroscope,141274051,0.21235381,0.10396315,-1.2047808
LinearAcceleration,141274053,1.4009073,-0.39519292,-0.7115268
Gyroscope,141274072,0.2485728,0.05815678,-1.2186292
LinearAcceleration,141274073,1.7004818,-1.1637317,-0.070778586
Gyroscope,141274091,0.15589479,-0.061152834,-1.3006545
LinearAcceleration,141274092,1.3169606,-1.1535563,-0.13856442
Gyroscope,141274111,0.024867266,-0.15702663,-1.3688315
LinearAcceleration,141274113,0.8900445,-0.5609914,-0.24660277
Gyroscope,141274131,-0.0017643442,-0.2209425,-1.3848104
LinearAcceleration,141274132,0.38142624,-0.29747957,-0.42482117
Gyroscope,141274152,0.0110188285,-0.24011727,-1.3517873
LinearAcceleration,141274153,-8.9782564E-4,-0.45549688,-0.2657564
Gyroscope,141274171,-0.028395955,-0.21561618,-1.2825451
LinearAcceleration,141274172,-0.24884734,-0.5330092,-0.103249945
Gyroscope,141274191,-0.10083394,-0.17620139,-1.2303472
LinearAcceleration,141274193,-0.5746084,0.008678981,-0.338181
Gyroscope,141274212,-0.09337708,-0.10269815,-1.1664313
LinearAcceleration,141274213,-0.86251116,0.46223056,-0.5327099
Gyroscope,141274232,0.017410416,-0.0068243505,-1.0471216
LinearAcceleration,141274233,-0.78095865,0.537199,-0.31708208
Gyroscope,141274252,0.11861054,0.05815678,-0.9352689
LinearAcceleration,141274253,-0.713921,0.08693945,0.09068039
Gyroscope,141274271,0.10795789,0.0965063,-0.8276772
LinearAcceleration,141274272,-0.5892729,-0.40447044,0.5267244
Gyroscope,141274292,0.03765044,0.08798418,-0.7637613
LinearAcceleration,141274293,-0.62219316,0.043394905,0.50368017
Gyroscope,141274312,0.023802003,0.057091516,-0.6945191
LinearAcceleration,141274313,-0.7015011,0.4245219,0.3489549
Gyroscope,141274332,0.05469467,0.032590434,-0.62208116
LinearAcceleration,141274333,-0.786196,0.41299978,0.38262334
Gyroscope,141274351,0.096239984,0.04111255,-0.5123589
LinearAcceleration,141274352,-0.74414784,0.18076223,0.4568436
Gyroscope,141274372,0.1047621,0.06241784,-0.40689772
LinearAcceleration,141274373,-0.41075522,0.23672669,0.5246295
Gyroscope,141274392,0.12926318,0.0485694,-0.3387208
LinearAcceleration,141274393,-0.17657238,-0.008678981,0.6914754
Gyroscope,141274412,0.16974322,-0.0046938215,-0.28865337
LinearAcceleration,141274413,-0.13452421,-0.57640404,0.7245453
Gyroscope,141274432,0.10795789,-0.03984755,-0.26947862
LinearAcceleration,141274433,-0.3458125,-0.5340566,0.5129577
Gyroscope,141274452,-0.025200162,-0.007889614,-0.22260697
LinearAcceleration,141274453,-0.28491,-0.4753987,0.45968673
Gyroscope,141274471,-0.15196663,0.018741995,-0.24923858
LinearAcceleration,141274473,-0.015263036,0.5943606,0.18195933
Gyroscope,141274492,-0.09337708,0.012350409,-0.26841334
LinearAcceleration,141274493,0.27204117,1.4824598,-0.12195465
Gyroscope,141274511,0.11434948,-0.005759086,-0.22473751
LinearAcceleration,141274512,0.49574938,1.1857284,0.014514848
Gyroscope,141274531,0.2698781,-0.036651753,-0.1917143
LinearAcceleration,141274532,0.6805518,0.29792848,0.37184945
Gyroscope,141274551,0.30396655,-0.08245812,-0.23006383
LinearAcceleration,141274553,0.50622404,-0.3585317,0.5367501
Gyroscope,141274572,0.2666823,-0.11122026,-0.3206113
LinearAcceleration,141274573,0.21772271,-0.8629601,0.4563947
Gyroscope,141274592,0.15696006,-0.08352339,-0.38878822
LinearAcceleration,141274593,0.21772271,-0.9045593,0.4683657
Gyroscope,141274612,0.01634515,-0.029194903,-0.40370193
LinearAcceleration,141274613,0.44068274,-0.8877999,0.64000005
Gyroscope,141274632,-0.11574764,-0.005759086,-0.42713773
LinearAcceleration,141274633,0.6751649,-0.044143096,0.6426935
Gyroscope,141274652,-0.11787817,-0.030260168,-0.41541985
LinearAcceleration,141274653,0.739958,0.30271688,0.6407482
Gyroscope,141274671,-0.01774331,-0.09417603,-0.39198402
LinearAcceleration,141274673,0.55919576,0.21413141,0.54737437
Gyroscope,141274692,0.03765044,-0.1431782,-0.355765
LinearAcceleration,141274693,0.4014777,0.34431612,0.42706573
Gyroscope,141274712,0.066412576,-0.16022243,-0.28758812
LinearAcceleration,141274713,0.32411507,0.06419453,0.39384618
Gyroscope,141274732,0.06428205,-0.16022243,-0.26947862
LinearAcceleration,141274741,0.16639702,-0.09636662,0.27473465
Gyroscope,141274752,0.07280417,-0.1399824,-0.29824075
LinearAcceleration,141274753,0.06703765,0.27682957,-0.1551742
Gyroscope,141274772,0.15696006,-0.08991498,-0.3056976
LinearAcceleration,141274775,0.051475335,0.6373066,-0.5247791
Gyroscope,141274791,0.3082276,-0.02599911,-0.29291442
LinearAcceleration,141274791,0.17522563,0.80340433,-0.5162497
Gyroscope,141274810,0.45416883,0.02193779,-0.26734808
LinearAcceleration,141274811,0.3628712,0.4902128,-0.28924948
Gyroscope,141274831,0.5425858,0.037916757,-0.25669545
LinearAcceleration,141274831,0.20245968,0.23523031,-0.3624223
Gyroscope,141274851,0.5873269,0.06241784,-0.25243437
LinearAcceleration,141274851,0.17103578,-0.26036942,-0.1997662
Gyroscope,141274872,0.51062787,0.16148743,-0.21728066
LinearAcceleration,141274873,-3.2894835,-0.60453594,-7.2179193
Gyroscope,141274892,0.265617,0.65150905,-0.17467007
LinearAcceleration,141274893,0.713921,-0.58433485,0.9991303
Gyroscope,141274912,0.11861054,0.7250123,-0.23752068
LinearAcceleration,141274913,0.23867199,0.82121116,-2.6132712
Gyroscope,141274932,0.13352424,0.80064607,-0.3142197
LinearAcceleration,141274933,-0.25124153,0.8273463,-0.31708208
Gyroscope,141274952,0.10795789,0.81662506,-0.4548346
LinearAcceleration,141274953,1.20982,3.4419641,2.1721394
Gyroscope,141274971,0.5479121,0.6802712,0.25889254
LinearAcceleration,141274973,-4.941782,1.8587984,-2.6201544
Gyroscope,141274992,0.74711657,0.9796105,0.44424856
LinearAcceleration,141274993,-0.5175965,-0.624737,-0.22026655
Gyroscope,141275012,0.72368073,1.0595053,0.514556
LinearAcceleration,141275013,0.13781624,-3.8944683,-1.2740146
Gyroscope,141275032,0.27307388,0.86349666,0.47194543
LinearAcceleration,141275033,2.3162405,-1.9330186,0.1719336
Gyroscope,141275052,-0.06141915,0.5567005,0.2908505
LinearAcceleration,141275053,2.0400095,0.37379473,-0.66364276
Gyroscope,141275072,-0.033722278,0.29677603,0.3888548
LinearAcceleration,141275073,1.7550995,0.05581483,-0.29448682
Gyroscope,141275092,-0.07420233,0.107158944,0.2716757
LinearAcceleration,141275093,1.277157,-1.008707,0.55231243
Gyroscope,141275112,-0.19990353,-0.07926233,0.01920805
LinearAcceleration,141275113,1.0278608,0.31468788,-0.36137483
Gyroscope,141275132,-0.19138141,-0.17726666,0.0021638183
LinearAcceleration,141275133,0.75118077,0.37858313,-1.5475521
Gyroscope,141275152,-0.19244668,-0.15915716,0.23226093
LinearAcceleration,141275153,1.3533225,-1.2378023,0.3458125
Gyroscope,141275172,-0.40549955,-0.22946462,0.20136827
LinearAcceleration,141275173,0.7333739,-0.56398416,0.16519992
Gyroscope,141275192,-0.56209344,-0.26355308,0.13319135
LinearAcceleration,141275193,-0.1654992,0.88869774,-0.9192238
Gyroscope,141275212,-0.48432913,-0.16874455,0.21734723
LinearAcceleration,141275213,-0.04743512,1.062427,-0.6500258
Gyroscope,141275232,-0.3650195,-0.09311077,0.2865894
LinearAcceleration,141275233,0.26755205,0.68504095,-0.08185177
Gyroscope,141275252,-0.29151627,-0.09311077,0.2876547
LinearAcceleration,141275253,0.20605098,-0.049679685,0.21203649
Gyroscope,141275272,-0.29577732,-0.08991498,0.22267355
LinearAcceleration,141275273,0.16774376,0.075417355,0.083497785
Gyroscope,141275290,-0.290451,-0.06328336,0.18112825
LinearAcceleration,141275291,0.47524905,0.6488287,0.32142156
Gyroscope,141275310,-0.20203406,-0.072870746,0.16514927
LinearAcceleration,141275311,0.717662,0.3402759,0.817171
Gyroscope,141275330,-0.14131398,-0.12293817,0.10229868
LinearAcceleration,141275331,0.8264485,-0.105494514,1.1513118
Gyroscope,141275350,-0.14131398,-0.18685403,0.013881727
LinearAcceleration,141275351,0.7116765,-0.26081836,1.2611457
Gyroscope,141275370,-0.16688032,-0.2358562,-0.081992075
LinearAcceleration,141275371,0.72319853,-0.30526072,1.4070424
Gyroscope,141275390,-0.20842564,-0.2720752,-0.17680061
LinearAcceleration,141275391,0.587178,-0.05701193,1.2629414
Gyroscope,141275410,-0.20949091,-0.2837931,-0.242847
LinearAcceleration,141275411,0.45130703,0.3568857,1.0124481
Gyroscope,141275430,-0.16581507,-0.27953205,-0.24710806
LinearAcceleration,141275431,0.36436757,0.31588498,0.9804256
Gyroscope,141275450,-0.13066134,-0.28272784,-0.27480492
LinearAcceleration,141275451,0.28805238,0.19467853,0.9516952
Gyroscope,141275472,-0.11361711,-0.28272784,-0.32167658
LinearAcceleration,141275473,0.077811554,0.207697,0.705691
Gyroscope,141275492,-0.07739812,-0.2624878,-0.37600505
LinearAcceleration,141275493,-0.11671733,0.46342766,0.27847558
Gyroscope,141275512,-0.013482253,-0.20815933,-0.38239664
LinearAcceleration,141275513,-0.29673138,0.5621885,0.033668462
Gyroscope,141275532,0.041911498,-0.13785188,-0.3419166
LinearAcceleration,141275533,-0.07317279,-0.021547815,0.25857377
Gyroscope,141275552,0.026997795,-0.10908973,-0.33978605
LinearAcceleration,141275568,0.2347814,-0.22729953,0.43020812
Gyroscope,141275570,-0.022004368,-0.13359082,-0.34724292
LinearAcceleration,141275571,0.07436989,0.15741876,0.06838439
Gyroscope,141275688,-0.02946122,-0.14530873,-0.279066
LinearAcceleration,141275690,-0.19961657,0.260968,-0.3290531
Gyroscope,141275690,-0.020939104,-0.1314603,-0.18106167
LinearAcceleration,141275691,-0.21323359,-0.011522096,-0.37140054
Gyroscope,141275691,-0.035852805,-0.12080765,-0.11501527
LinearAcceleration,141275691,-0.16265608,-0.13257892,-0.31289223
Gyroscope,141275692,-0.062484417,-0.13039503,-0.07027416
LinearAcceleration,141275692,-0.2371756,-0.37424365,-0.47899
Gyroscope,141275696,-0.108290784,-0.13465609,-0.0361857
LinearAcceleration,141275700,-0.41285014,-0.23193829,-0.8111855
Gyroscope,141275703,-0.14877084,-0.110155,0.049035452
LinearAcceleration,141275703,-0.4679168,-0.17522563,-0.9425673
Gyroscope,141275712,-0.19351195,-0.08352339,0.13212608
LinearAcceleration,141275718,-0.3238158,-0.3127426,-0.8454525
Gyroscope,141276736,-0.25316674,-0.07500128,0.14703979
LinearAcceleration,141276737,-0.33773208,-0.059705406,-1.0592846
Gyroscope,141276737,-0.2840594,-0.04091281,0.20882511
LinearAcceleration,141276738,-0.26426002,1.496376E-4,-1.0567408
Gyroscope,141276739,-0.3085605,-0.001498028,0.29724208
LinearAcceleration,141276739,-0.047285482,-0.6392518,-0.7270891
Gyroscope,141276740,-0.3980427,0.011285145,0.3110905
LinearAcceleration,141276740,0.16609775,-0.5755062,-0.53330845
Gyroscope,141276740,-0.48859018,0.011285145,0.31748208
LinearAcceleration,141276741,0.26605567,-0.16071078,-0.5126584
Gyroscope,141276741,-0.51309127,0.005958823,0.33133054
LinearAcceleration,141276741,0.28101942,0.29987377,-0.4954501
Gyroscope,141276753,-0.016678046,0.064548366,0.55184025
LinearAcceleration,141276754,2.2601264,1.0527005,2.4655788
Gyroscope,141276755,0.0110188285,0.07307048,0.5475792
LinearAcceleration,141276755,2.367267,0.741604,2.4908676
Gyroscope,141276756,0.014214622,0.06241784,0.52307814
LinearAcceleration,141276756,2.3766942,0.6739678,2.4934115
Gyroscope,141276756,0.0014314491,0.060287308,-0.05749099
LinearAcceleration,141276757,3.10932,0.5053262,1.546804
Gyroscope,141276762,-0.0390486,0.059222043,-0.031924643
LinearAcceleration,141276762,2.9059622,0.5228338,1.4347254
Gyroscope,141276763,-0.062484417,0.078396805,0.047970187
LinearAcceleration,141276763,3.0919619,0.21562779,1.673547
Gyroscope,141276771,-0.11787817,0.05815678,0.09484182
LinearAcceleration,141276772,2.9203274,0.6407482,1.5420156
Gyroscope,141276791,-0.13598767,0.03152517,0.1342566
LinearAcceleration,141276792,2.8757355,0.034715924,1.6142905
Gyroscope,141276811,-0.17220666,-0.010020143,0.13212608
LinearAcceleration,141276811,2.7058969,0.94556004,2.0045455
Gyroscope,141276831,-0.15303189,-0.044108607,0.14490925
LinearAcceleration,141276831,2.7014077,-0.030526072,1.9583074
Gyroscope,141276851,-0.20203406,-0.12613396,0.05329651
LinearAcceleration,141276851,2.4474726,-0.054468088,1.9325697
Gyroscope,141276872,-0.197773,-0.18152772,-0.109688945
LinearAcceleration,141276873,2.6117747,-1.4655507,4.19524
Gyroscope,141276893,-0.17114139,-0.26674888,-0.18425746
LinearAcceleration,141276894,2.1184196,2.1624131,0.026785132
Gyroscope,141276913,0.05895573,-0.1911151,0.027730165
LinearAcceleration,141276914,2.3838768,0.05267244,0.65556234
Gyroscope,141276933,0.029128324,-0.114416055,0.0596881
LinearAcceleration,141276934,2.0239983,0.4724059,1.1770494
Gyroscope,141276953,-0.037983336,-0.10695921,0.049035452
LinearAcceleration,141276954,2.3268647,0.34671032,0.61156887
Gyroscope,141276972,-0.049701244,-0.1431782,0.0596881
LinearAcceleration,141276973,2.6602573,-0.50472766,1.273865
Gyroscope,141276992,-0.1679456,-0.26461834,0.033056486
LinearAcceleration,141276993,2.5899277,0.21472996,1.2942157
Gyroscope,141277013,-0.17540245,-0.36794898,0.111886054
LinearAcceleration,141277014,2.291251,0.22251113,1.1893197
Gyroscope,141277033,-0.14450978,-0.38392797,0.2301304
LinearAcceleration,141277034,1.8348563,0.25782558,1.1008838
Gyroscope,141277053,-0.14557505,-0.33386052,0.23545673
LinearAcceleration,141277054,2.1196167,1.2883798,1.5381249
Gyroscope,141277073,-0.057158094,-0.32640368,0.33559158
LinearAcceleration,141277074,1.8975545,0.9105448,1.5752351
Gyroscope,141277093,0.040846232,-0.30616367,0.4847286
LinearAcceleration,141277094,1.3139678,0.044741645,0.90515786
Gyroscope,141277113,0.055759937,-0.2560962,0.37500638
LinearAcceleration,141277114,1.2231377,-0.49874213,1.4633062
Gyroscope,141277133,-0.018808575,-0.19857195,0.056492303
LinearAcceleration,141277134,1.0501567,0.5138555,1.0450691
Gyroscope,141277153,0.01847568,-0.10376342,-0.107558414
LinearAcceleration,141277154,1.3205519,0.3866636,0.8809166
Gyroscope,141277173,0.036585175,-0.03984755,-0.14377742
LinearAcceleration,141277174,1.6214731,-0.13302784,0.8295909
Gyroscope,141277193,-0.034787543,-0.022803316,-0.12566791
LinearAcceleration,141277194,1.5275006,-0.007182605,0.8369231
Gyroscope,141277212,-0.06141915,6.3250074E-4,-0.081992075
LinearAcceleration,141277213,1.3856442,0.036661215,0.6832453
Gyroscope,141277232,-0.034787543,0.045373607,-0.012749883
LinearAcceleration,141277233,1.4477439,0.5232827,0.75941086
Gyroscope,141277252,0.036585175,0.07413574,0.04583966
LinearAcceleration,141277254,1.4495395,0.5201403,1.0167875
Gyroscope,141277272,0.09410945,0.08691892,0.07566706
LinearAcceleration,141277273,1.178845,-0.18854338,0.74878657
Gyroscope,141277292,0.09197892,0.124203175,-0.018076206
LinearAcceleration,141277293,1.2603976,-0.30690673,0.98222125
Gyroscope,141277312,0.06215152,0.16148743,-0.13419002
LinearAcceleration,141277313,1.2865841,0.33354223,0.94077164
Gyroscope,141277332,0.09943578,0.19344537,-0.18851851
LinearAcceleration,141277333,1.4232032,0.20635025,0.8165724
Gyroscope,141277352,0.10263157,0.18385798,-0.23219435
LinearAcceleration,141277353,1.4692917,0.20126258,0.6712743
Gyroscope,141277373,0.13885055,0.18172745,-0.26628283
LinearAcceleration,141277374,1.5741876,1.0184336,1.4667478
Gyroscope,141277393,0.17506956,0.15190005,-0.2545649
LinearAcceleration,141277394,1.3700819,0.68938047,0.87687635
Gyroscope,141277413,0.2933139,0.14231268,-0.15975638
LinearAcceleration,141277414,1.4716859,0.8303391,1.0218753
Gyroscope,141277433,0.40197086,0.12526844,-0.14377742
LinearAcceleration,141277434,1.4556746,-0.41240123,0.90994626
Gyroscope,141277453,0.34977293,0.09757157,-0.21941118
LinearAcceleration,141277454,1.5053543,0.5330092,1.2641385
Gyroscope,141277473,0.37533927,0.053895723,-0.22686803
LinearAcceleration,141277474,1.472434,0.15263036,1.0455179
Gyroscope,141277493,0.38066557,0.011285145,-0.23645541
LinearAcceleration,141277494,1.3346179,0.511611,0.897676
Gyroscope,141277513,0.42327616,-0.015346466,-0.21515012
LinearAcceleration,141277514,1.3215994,0.295235,0.95798
Gyroscope,141277533,0.44458145,-0.03345596,-0.18106167
LinearAcceleration,141277534,1.3925276,-0.06599019,1.0093056
Gyroscope,141277553,0.41155824,-0.0622181,-0.17360482
LinearAcceleration,141277554,1.340753,-0.030226797,0.9745897
Gyroscope,141277573,0.37214348,-0.09311077,-0.17147428
LinearAcceleration,141277574,1.2075754,0.070180036,0.8050503
Gyroscope,141277593,0.34018552,-0.110155,-0.16295217
LinearAcceleration,141277594,1.0317513,0.2033575,0.6099229
Gyroscope,141277613,0.34338135,-0.10802447,-0.15443005
LinearAcceleration,141277614,0.9448118,0.0019452889,0.54049104
Gyroscope,141277633,0.35083818,-0.097371824,-0.18745326
LinearAcceleration,141277634,0.88869774,0.09307459,0.4062661
Gyroscope,141277653,0.36149082,-0.070740215,-0.19917116
LinearAcceleration,141277654,0.94645786,0.18076223,0.32172084
Gyroscope,141277673,0.3859919,-0.049434926,-0.19597536
LinearAcceleration,141277674,0.98895496,0.02498948,0.28431144
Gyroscope,141277693,0.39557928,-0.044108607,-0.21088907
LinearAcceleration,141277694,0.9382278,-0.16295536,0.33638534
Gyroscope,141277713,0.3657519,-0.041978076,-0.24710806
LinearAcceleration,141277714,0.8949825,-0.185401,0.28236616
Gyroscope,141277733,0.31888026,-0.023868581,-0.2609565
LinearAcceleration,141277734,0.92042094,-0.11941081,0.19018939
Gyroscope,141277753,0.2901181,6.3250074E-4,-0.23752068
LinearAcceleration,141277754,1.0784383,-0.35718498,0.32202014
Gyroscope,141277773,0.22620225,-4.3276369E-4,-0.23645541
LinearAcceleration,141277774,1.1601404,-0.49245736,0.4444237
Gyroscope,141277793,0.13458951,-0.029194903,-0.26202175
LinearAcceleration,141277794,1.1309611,-0.48168346,0.5009867
Gyroscope,141277813,0.040846232,-0.06754442,-0.29291442
LinearAcceleration,141277814,1.0928035,-0.15846622,0.3878607
Gyroscope,141277833,-0.015612782,-0.10802447,-0.2971755
LinearAcceleration,141277834,0.99284554,0.054468088,0.39160162
Gyroscope,141277853,-0.027330691,-0.1612877,-0.28545758
LinearAcceleration,141277854,0.90066874,-0.048632223,0.34790742
Gyroscope,141277873,-0.045440186,-0.21028985,-0.2811965
LinearAcceleration,141277874,0.7284359,-0.12794015,0.39938277
Gyroscope,141277893,-0.08485497,-0.23692146,-0.25349966
LinearAcceleration,141277894,0.6064812,-0.24884734,0.39055416
Gyroscope,141277913,-0.14237925,-0.2475741,-0.25882596
LinearAcceleration,141277915,0.3556886,-0.0073322426,0.15113398
Gyroscope,141277933,-0.15942349,-0.22413829,-0.2577607
LinearAcceleration,141277934,0.33773208,0.014814123,0.06464344
Gyroscope,141277953,-0.15729295,-0.19218037,-0.2279333
LinearAcceleration,141277954,0.40716392,0.106093064,0.07571663
Gyroscope,141277973,-0.16155401,-0.17620139,-0.20023642
LinearAcceleration,141277974,0.44696754,-0.1563713,0.20545243
Gyroscope,141277993,-0.2158825,-0.1612877,-0.18425746
LinearAcceleration,141277994,0.49874213,-0.33159694,0.3839701
Gyroscope,141278013,-0.29364678,-0.14956978,-0.18106167
LinearAcceleration,141278014,0.5044284,-0.2911948,0.4237737
Gyroscope,141278033,-0.3447795,-0.13465609,-0.1799964
LinearAcceleration,141278034,0.4451719,-4.4891282E-4,0.2391209
Gyroscope,141278053,-0.34797528,-0.11228553,-0.18106167
LinearAcceleration,141278054,0.49874213,0.22131401,0.27159226
Gyroscope,141278073,-0.32134366,-0.11122026,-0.18212692
LinearAcceleration,141278074,0.55814826,0.22565351,0.50143564
Gyroscope,141278093,-0.29577732,-0.14211293,-0.20236695
LinearAcceleration,141278094,0.439336,0.81148475,0.23837271
Gyroscope,141278113,-0.21055618,-0.17087507,-0.20236695
LinearAcceleration,141278114,0.31064767,0.5457283,0.59735334
Gyroscope,141278133,-0.15303189,-0.18046245,-0.15229952
LinearAcceleration,141278134,0.23283611,0.3580828,0.6015432
Gyroscope,141278153,-0.12746555,-0.18365824,-0.123537384
LinearAcceleration,141278154,0.092775315,0.62339026,0.50143564
Gyroscope,141278173,-0.0720718,-0.16022243,-0.058556255
LinearAcceleration,141278174,0.12794015,0.3091513,0.44666827
Gyroscope,141278193,-0.05183177,-0.13039503,-0.041512024
LinearAcceleration,141278194,0.09023148,0.49440265,0.3302502
Gyroscope,141278213,-0.0049601374,-0.08991498,-0.0361857
LinearAcceleration,141278214,0.18495208,0.3007716,0.34192193
Gyroscope,141278232,0.033389382,-0.056891777,-0.056425724
LinearAcceleration,141278233,0.17612346,0.28520927,0.27548283
Gyroscope,141278253,0.067477845,-0.014281201,-0.054295197
LinearAcceleration,141278254,0.23762453,0.036361936,0.27308863
Gyroscope,141278273,0.061086256,0.02726411,-0.0692089
LinearAcceleration,141278274,0.31783026,0.07571663,0.27383682
Gyroscope,141278293,0.030193588,0.051765192,-0.09157945
LinearAcceleration,141278294,0.43783963,-0.15457565,0.49006316
Gyroscope,141278313,-0.01028646,0.051765192,-0.11821106
LinearAcceleration,141278314,0.4528034,0.1455974,0.41943422
Gyroscope,141278333,-0.025200162,0.042177815,-0.12992898
LinearAcceleration,141278334,0.5385457,-0.06359598,0.6239888
Gyroscope,141278353,-0.024134897,0.014480938,-0.16401744
LinearAcceleration,141278354,0.50472766,0.041599255,0.6052841
Gyroscope,141278373,-0.018808575,-0.008954879,-0.19704063
LinearAcceleration,141278374,0.49200845,0.41763857,0.4091092
Gyroscope,141278393,0.029128324,-0.021738052,-0.18638799
LinearAcceleration,141278394,0.49350482,0.4540005,0.41868603
Gyroscope,141278413,0.07919575,-0.036651753,-0.17893113
LinearAcceleration,141278414,0.38651395,0.5671265,0.27084407
Gyroscope,141278433,0.13245897,-0.04517387,-0.150169
LinearAcceleration,141278434,0.41554365,0.44981065,0.2534861
Gyroscope,141278453,0.16548218,-0.053695984,-0.10862368
LinearAcceleration,141278454,0.37184945,0.28191724,0.20245968
Gyroscope,141278473,0.17187376,-0.049434926,-0.07240469
LinearAcceleration,141278474,0.2805705,0.1249474,0.04833295
Gyroscope,141278493,0.17400429,-0.019607523,-0.041512024
LinearAcceleration,141278494,0.2911948,-0.12838906,0.0032920274
Gyroscope,141278513,0.15696006,0.013415674,-0.02872885
LinearAcceleration,141278514,0.3983353,-0.3127426,0.067336924
Gyroscope,141278533,0.11648001,0.032590434,-0.027663585
LinearAcceleration,141278534,0.45774144,-0.53330845,0.17627311
Gyroscope,141278553,0.03551991,0.04111255,-0.048968874
LinearAcceleration,141278554,0.46866497,-0.48766896,0.13572131
Gyroscope,141278573,-0.04650545,0.052830458,-0.051099405
LinearAcceleration,141278574,0.60917467,-0.2160767,0.13123219
Gyroscope,141278593,-0.09018129,0.042177815,-0.037250966
LinearAcceleration,141278594,0.62249243,-0.054917,0.17357962
Gyroscope,141278613,-0.111486584,0.011285145,-0.03831623
LinearAcceleration,141278614,0.5741595,0.11312603,0.1695394
Gyroscope,141278633,-0.12213922,-0.013215937,-0.039381493
LinearAcceleration,141278634,0.45968673,0.10444705,0.23104046
Gyroscope,141278653,-0.12640028,-0.022803316,-0.04364255
LinearAcceleration,141278654,0.48572367,0.23298575,0.25408465
Gyroscope,141278673,-0.10509499,-0.04304334,-0.03831623
LinearAcceleration,141278674,0.5590461,0.32321724,0.3321955
Gyroscope,141278693,-0.07100653,-0.08884971,-0.046838347
LinearAcceleration,141278694,0.4412813,0.1925836,0.3489549
Gyroscope,141278713,-0.04437492,-0.12400344,-0.09157945
LinearAcceleration,141278714,0.08678981,-0.06135142,0.27368718
Gyroscope,141278733,-0.047570713,-0.097371824,-0.15869111
LinearAcceleration,141278734,-0.066139825,-0.1770213,0.15487492
Gyroscope,141278753,-0.059288625,-0.029194903,-0.19277957
LinearAcceleration,141278754,0.044891283,-0.068534024,0.22251113
Gyroscope,141278772,-0.05822336,0.018741995,-0.20769328
LinearAcceleration,141278773,0.16175826,-0.104297414,0.3628712
Gyroscope,141278793,-0.07526759,0.035786226,-0.23752068
LinearAcceleration,141278794,0.18450317,-0.14993688,0.41240123
Gyroscope,141278813,-0.09976867,0.046438873,-0.28758812
LinearAcceleration,141278814,0.06015432,-0.24600422,0.3752911
Gyroscope,141278833,-0.12533502,0.08691892,-0.35469976
LinearAcceleration,141278834,0.043544542,0.022296004,0.13691841
Gyroscope,141278853,-0.07846338,0.1412474,-0.4047672
LinearAcceleration,141278854,0.06180033,0.47046062,-0.114772044
Gyroscope,141278873,0.01634515,0.1923801,-0.41222405
LinearAcceleration,141278874,0.33234513,0.37798458,0.08499416
Gyroscope,141278893,0.07280417,0.20835906,-0.3983756
LinearAcceleration,141278894,0.6346131,-0.29538465,0.5232827
Gyroscope,141278914,0.0110188285,0.17214008,-0.4228767
LinearAcceleration,141278915,0.70135146,-0.34207156,0.58538234
Gyroscope,141278933,-0.07420233,0.12100738,-0.45163882
LinearAcceleration,141278934,0.6385037,0.31708208,0.25722703
Gyroscope,141278953,-0.05609283,0.080527335,-0.42820302
LinearAcceleration,141278954,0.5412392,0.8087913,0.024091655
Gyroscope,141278973,0.039780967,0.042177815,-0.3749398
LinearAcceleration,141278974,0.55335987,0.5184943,0.22161329
Gyroscope,141278993,0.10050104,-0.001498028,-0.34085134
LinearAcceleration,141278994,0.4866215,0.055964466,0.4504092
Gyroscope,141279013,0.08878313,-0.030260168,-0.33978605
LinearAcceleration,141279014,0.19782092,-0.13871406,0.36631286
Gyroscope,141279033,0.0717389,-0.018542258,-0.36748293
LinearAcceleration,141279034,-0.115969144,0.14694414,-0.04743512
Gyroscope,141279053,0.12180633,0.046438873,-0.38772297
LinearAcceleration,141279054,-0.21562779,0.54138887,-0.40132806
Gyroscope,141279073,0.23685488,0.13379055,-0.37920085
LinearAcceleration,141279074,-0.050727148,0.35658643,-0.1551742
Gyroscope,141279093,0.3050318,0.1955759,-0.37387452
LinearAcceleration,141279094,0.20231004,-0.1695394,0.2645593
Gyroscope,141279113,0.26455176,0.21901171,-0.37387452
LinearAcceleration,141279114,0.2877531,-0.4213795,0.38411975
Gyroscope,141279133,0.18998325,0.22433802,-0.36748293
LinearAcceleration,141279135,0.2252046,-0.19797055,0.070778586
Gyroscope,141279153,0.16548218,0.22433802,-0.36641768
LinearAcceleration,141279155,0.18016368,0.13227965,-0.086490534
Gyroscope,141279173,0.18678746,0.22753382,-0.355765
LinearAcceleration,141279174,0.24779987,-0.1261445,0.1297358
Gyroscope,141279193,0.16548218,0.22114223,-0.35789555
LinearAcceleration,141279194,0.4031237,-0.262614,0.32351652
Gyroscope,141279213,0.11861054,0.20196748,-0.35150397
LinearAcceleration,141279215,0.33833063,-0.24585459,0.29777884
Gyroscope,141279233,0.10689263,0.17320533,-0.38665769
LinearAcceleration,141279234,0.06778584,-0.013018472,-0.016460137
Gyroscope,141279253,0.14843795,0.18385798,-0.4345946
LinearAcceleration,141279255,-0.25453356,0.4451719,-0.27787703
Gyroscope,141279273,0.22407171,0.24883911,-0.41435456
LinearAcceleration,141279274,-0.25198972,0.19437926,-0.118213706
Gyroscope,141279293,0.25816017,0.31701604,-0.38239664
LinearAcceleration,141279294,-0.13183074,-0.06419453,0.05207389
Gyroscope,141279313,0.25496438,0.35749608,-0.39091876
LinearAcceleration,141279314,-0.03067571,0.21817163,0.10010756
Gyroscope,141279333,0.2869223,0.37773612,-0.3749398
LinearAcceleration,141279335,0.011372458,0.27952304,0.053869538
Gyroscope,141279353,0.33698973,0.37986663,-0.34404713
LinearAcceleration,141279355,0.12120646,0.44621935,0.007930793
Gyroscope,141279373,0.40836245,0.35536554,-0.28545758
LinearAcceleration,141279374,0.24570495,0.42871174,0.10190321
Gyroscope,141279394,0.446712,0.3031676,-0.20769328
LinearAcceleration,141279395,0.29149407,0.1340753,0.22789808
Gyroscope,141279414,0.43605933,0.23286015,-0.13738582
LinearAcceleration,141279415,0.16759412,-0.029029695,0.26426002
Gyroscope,141279434,0.39984035,0.17533587,-0.08625313
LinearAcceleration,141279435,0.020949265,0.09427169,0.22101474
Gyroscope,141279453,0.39131823,0.15616111,-0.0361857
LinearAcceleration,141279454,-1.3575124,0.113574944,-3.422661
Gyroscope,141279473,0.3827961,0.40117192,0.116147116
LinearAcceleration,141279474,-1.3054385,-0.2662053,-0.63206923
Gyroscope,141279493,0.33272868,0.56415737,0.049035452
LinearAcceleration,141279495,-0.4475661,-0.06658874,1.0482115
Gyroscope,141279514,0.3295329,0.6035722,-0.04364255
LinearAcceleration,141279515,-2.8947394,2.180519,-0.19707273
Gyroscope,141279534,0.4403204,0.75377446,0.07886286
LinearAcceleration,141279535,-0.9130887,0.21862054,0.8206126
Gyroscope,141279553,0.4818657,0.8112987,0.11508185
LinearAcceleration,141279554,-1.009156,-0.17163433,0.06958149
Gyroscope,141279574,0.4967794,0.8986504,0.16301875
LinearAcceleration,141279575,-0.10564415,-0.78649527,-0.13661914
Gyroscope,141279594,0.446712,0.9433915,0.25569674
LinearAcceleration,141279595,-0.6865373,-0.7469909,-0.44577044
Gyroscope,141279614,0.34338135,0.96043575,0.34304842
LinearAcceleration,141279615,0.23867199,0.019602526,-0.7163152
Gyroscope,141279634,0.22939804,0.99665475,0.40483376
LinearAcceleration,141279635,-0.30032268,-1.1496657,-2.01098
Gyroscope,141279654,0.022736738,1.0243516,0.51881707
LinearAcceleration,141279655,1.0948983,-0.21083939,0.7945757
Gyroscope,141279674,-0.06141915,0.8826715,0.49644652
LinearAcceleration,141279675,1.0093056,0.9482535,0.7517793
Gyroscope,141279694,0.036585175,0.7282081,0.59018975
LinearAcceleration,141279695,0.9561843,0.09651626,0.6271312
Gyroscope,141279714,0.07067364,0.5875932,0.61788666
LinearAcceleration,141279715,1.105373,-0.034715924,0.85667527
Gyroscope,141279733,0.067477845,0.43632564,0.5827329
LinearAcceleration,141279734,0.82001406,0.29373863,0.5367501
Gyroscope,141279754,0.08665261,0.33192974,0.6136256
LinearAcceleration,141279755,0.7080852,0.207697,0.5189432
Gyroscope,141279773,0.10050104,0.25629595,0.63599616
LinearAcceleration,141279774,0.587178,0.12629414,0.45145667
Gyroscope,141279793,0.11008842,0.1955759,0.6189519
LinearAcceleration,141279798,0.4357447,0.23493104,0.40476972
Gyroscope,141279813,0.13565476,0.16361795,0.6114951
LinearAcceleration,141279813,0.22864626,0.33204585,0.17971477
Gyroscope,141279832,0.18039587,0.1625527,0.61788666
LinearAcceleration,141279833,0.4098574,-0.37469256,0.35913026
Gyroscope,141279852,0.15802532,0.1444432,0.510295
LinearAcceleration,141279853,0.47255555,-0.42122987,0.25288755
Gyroscope,141279872,0.1196758,0.13379055,0.39844218
LinearAcceleration,141279873,0.47569796,-0.41075522,0.082899235
Gyroscope,141279892,0.10050104,0.12846424,0.31641683
LinearAcceleration,141279893,0.6373066,-0.38621467,0.029927522
Gyroscope,141279914,0.069608375,0.09757157,0.24291357
LinearAcceleration,141279916,0.6943185,-0.18076223,-0.024091655
Gyroscope,141279934,0.055759937,0.047504134,0.21628197
LinearAcceleration,141279935,0.7185598,-0.3438672,-0.009427169
Gyroscope,141279954,0.017410416,-0.015346466,0.1736714
LinearAcceleration,141279955,0.5020342,-0.197372,-0.09142858
Gyroscope,141279974,-0.025200162,-0.056891777,0.16621454
LinearAcceleration,141279975,0.22849663,-0.07182605,-0.18136078
Gyroscope,141279994,-0.06141915,-0.06541389,0.18432404
LinearAcceleration,141279995,0.019003976,-0.047584757,-0.24540567
Gyroscope,141280013,-0.07846338,-0.0473044,0.19923773
LinearAcceleration,141280015,-0.047135845,-0.104895964,-0.24675241
Gyroscope,141280034,-0.08272444,-0.022803316,0.17473665
LinearAcceleration,141280035,-0.041449618,-0.13422494,-0.18734628
Gyroscope,141280053,-0.080593914,-0.0046938215,0.12040817
LinearAcceleration,141280054,0.025887307,-0.092176765,-0.05626374
Gyroscope,141280073,-0.07526759,0.005958823,0.069275476
LinearAcceleration,141280074,0.10220248,0.0068833297,0.07466917
Gyroscope,141280093,-0.0720718,0.012350409,0.041578602
LinearAcceleration,141280095,0.15248072,-0.004189853,0.2275988
Gyroscope,141280114,-0.06994127,0.0080893515,0.016012255
LinearAcceleration,141280115,0.17223288,-0.044891283,0.24211365
Gyroscope,141280133,-0.07313706,-0.005759086,-0.00955409
LinearAcceleration,141280134,0.16086042,0.09023148,0.23552959
Gyroscope,141280153,-0.06354968,-0.021738052,-0.015945677
LinearAcceleration,141280154,0.13377602,0.08664017,0.20605098
Gyroscope,141280174,-0.049701244,-0.036651753,-0.014880412
LinearAcceleration,141280175,0.14948797,0.038905777,0.2551321
Gyroscope,141280194,-0.037983336,-0.057957042,-0.024467792
LinearAcceleration,141280195,0.16519992,0.087089084,0.22011691
Gyroscope,141280213,-0.02946122,-0.084588654,-0.0361857
LinearAcceleration,141280215,0.08798691,0.23882163,0.13976152
Gyroscope,141280233,-0.0145475175,-0.10376342,-0.03085938
LinearAcceleration,141280234,0.044143096,0.13557167,0.12180501
Gyroscope,141280254,-0.0028296087,-0.11761185,-0.026598321
LinearAcceleration,141280255,0.10010756,0.040102877,0.14021043
Gyroscope,141280274,3.6618466E-4,-0.13252555,-0.04364255
LinearAcceleration,141280275,0.010773907,0.114772044,-0.014963761
Gyroscope,141280294,0.01634515,-0.1314603,-0.04790361
LinearAcceleration,141280295,-0.079457566,0.1933318,-0.1467945
Gyroscope,141280314,0.040846232,-0.110155,-0.032989908
LinearAcceleration,141280315,-0.08215105,-0.07915829,-0.15427637
Gyroscope,141280333,0.039780967,-0.08778445,-0.04257729
LinearAcceleration,141280335,-0.06194997,-0.061650693,-0.20201077
Gyroscope,141280354,0.03125885,-0.06434863,-0.068143636
LinearAcceleration,141280355,0.006135142,-0.055964466,-0.19048867
Gyroscope,141280374,0.03125885,-0.048369665,-0.092644714
LinearAcceleration,141280375,0.10070611,-0.05686229,-0.1285387
Gyroscope,141280394,0.029128324,-0.04517387,-0.12779844
LinearAcceleration,141280395,0.19722237,-0.011821371,0.009127894
Gyroscope,141280414,0.03125885,-0.05476125,-0.15443005
LinearAcceleration,141280415,0.3131915,-0.06658874,0.104297414
Gyroscope,141280434,0.029128324,-0.08245812,-0.19277957
LinearAcceleration,141280435,0.35823244,-0.042197805,0.17926586
Gyroscope,141280454,0.030193588,-0.11974238,-0.2279333
LinearAcceleration,141280455,0.30062196,0.077213004,0.19647418
Gyroscope,141280474,0.041911498,-0.15702663,-0.24604279
LinearAcceleration,141280475,0.24765024,0.09950901,0.22550388
Gyroscope,141280493,0.053629406,-0.1879193,-0.24817333
LinearAcceleration,141280494,0.22744916,0.081103586,0.25573066
Gyroscope,141280514,0.050433613,-0.2092246,-0.24604279
LinearAcceleration,141280515,0.103249945,0.15292963,0.1755249
Gyroscope,141280534,0.05149888,-0.2177467,-0.22580276
LinearAcceleration,141280535,0.0028431145,0.14080898,0.12030864
Gyroscope,141280554,0.053629406,-0.21135512,-0.20875853
LinearAcceleration,141280555,-0.32276833,-0.096815534,-0.28790274
Gyroscope,141280574,0.028063059,-0.17407086,-0.18851851
LinearAcceleration,141280575,-0.11133038,-0.04878186,0.12629414
Gyroscope,141280594,0.01847568,-0.14956978,-0.19064905
LinearAcceleration,141280595,-0.15831658,-0.07451953,-0.0724246
Gyroscope,141280614,0.004627242,-0.11974238,-0.1831922
LinearAcceleration,141280615,-0.14065935,-0.06464344,0.03935469
Gyroscope,141280634,-0.011351724,-0.101632886,-0.17786586
LinearAcceleration,141280635,-0.20590134,0.13946225,-0.03546411
Gyroscope,141280654,-0.015612782,-0.084588654,-0.14590794
LinearAcceleration,141280655,-0.18764555,0.15667057,0.012569559
Gyroscope,141280674,-0.013482253,-0.06754442,-0.10329736
LinearAcceleration,141280675,-0.29433718,0.27623102,-0.00808043
Gyroscope,141280694,0.006757771,-0.04517387,-0.041512024
LinearAcceleration,141280695,-0.31364042,0.11192893,0.0016460137
Gyroscope,141280714,0.01634515,-0.020672787,-0.011684619
LinearAcceleration,141280715,-0.36436757,0.2323872,0.0010474633
Gyroscope,141280733,0.03551991,0.011285145,0.028795429
LinearAcceleration,141280734,-0.33848026,0.2793734,0.036511578
Gyroscope,141280754,0.061086256,0.045373607,0.07353654
LinearAcceleration,141280755,-0.22610243,-0.19572599,0.08604162
Gyroscope,141280774,0.036585175,0.063483104,0.05542704
LinearAcceleration,141280775,-0.070778586,-0.317531,0.12779051
Gyroscope,141280794,-0.006025402,0.0666789,0.004294347
LinearAcceleration,141280795,0.043843817,-0.06000468,0.062698156
Gyroscope,141280814,-0.018808575,0.061352573,-0.011684619
LinearAcceleration,141280815,0.18450317,0.018255789,0.095768064
Gyroscope,141280834,-0.01774331,0.044308342,-0.0074235615
LinearAcceleration,141280835,0.24794951,0.11133038,0.08020575
Gyroscope,141280854,-0.008155931,0.020872524,0.008555405
LinearAcceleration,141280855,0.22924481,0.019153614,0.09083003
Gyroscope,141280874,-0.003894873,-0.0068243505,0.013881727
LinearAcceleration,141280875,0.15053543,0.16699557,0.068534024
Gyroscope,141280894,0.014214622,-0.024933845,0.010685934
LinearAcceleration,141280895,0.13347675,0.22251113,0.030526072
Gyroscope,141280914,0.032324117,-0.029194903,0.0053596115
LinearAcceleration,141280915,0.13572131,0.11656769,0.047884032
Gyroscope,141280934,0.034454647,-0.022803316,-0.00955409
LinearAcceleration,141280935,0.15278,0.040102877,0.06254852
Gyroscope,141280954,0.032324117,-0.015346466,-0.029794114
LinearAcceleration,141280955,0.15682021,-0.03561375,0.041150343
Gyroscope,141280974,0.03125885,-0.013215937,-0.04044676
LinearAcceleration,141280975,0.10354923,0.017357962,-0.03127426
Gyroscope,141280994,0.03551991,-0.014281201,-0.025533056
LinearAcceleration,141280995,0.07167641,-0.068534024,-0.047884032
Gyroscope,141281014,0.017410416,-0.013215937,-0.018076206
LinearAcceleration,141281015,0.017058687,-0.043843817,-0.067336924
Gyroscope,141281034,0.0024967135,-0.013215937,-0.010619354
LinearAcceleration,141281035,0.058508303,-0.06539164,-0.01810615
Gyroscope,141281054,-0.006025402,-0.012150672,-0.0074235615
LinearAcceleration,141281055,0.042796355,-0.026934769,0.0047884034
Gyroscope,141281074,-0.013482253,-0.014281201,-0.015945677
LinearAcceleration,141281075,0.040102877,0.02064999,0.04997896
Gyroscope,141281094,-0.009221195,-0.011085408,-0.011684619
LinearAcceleration,141281095,0.035164837,0.1794155,0.071975686
Gyroscope,141281114,0.007823036,-0.008954879,0.0032290828
LinearAcceleration,141281115,-0.02932897,0.023642741,0.042945992
Gyroscope,141281134,0.007823036,-0.011085408,0.001098554
LinearAcceleration,141281135,0.019602526,-0.019752163,0.08574235
Gyroscope,141281154,0.0024967135,-0.015346466,-0.0084888255
LinearAcceleration,141281155,-0.059106853,0.14155717,0.04563947
Gyroscope,141281174,0.015279886,-0.010020143,3.3289514E-5
LinearAcceleration,141281175,-0.08843583,0.13392566,0.073621705
Gyroscope,141281194,0.029128324,-4.3276369E-4,3.3289514E-5
LinearAcceleration,141281195,-0.0724246,0.12569559,0.093373865
Gyroscope,141281214,0.042976763,0.009154616,0.0074901404
LinearAcceleration,141281215,-0.090381116,0.092775315,0.07182605
Gyroscope,141281234,0.05149888,0.017676732,0.011751198
LinearAcceleration,141281235,0.0028431145,-0.09816227,0.05327099
Gyroscope,141281254,0.042976763,0.016611468,0.0032290828
LinearAcceleration,141281255,0.029927522,-0.07796119,0.032172084
Gyroscope,141281274,0.029128324,0.01021988,-0.00955409
LinearAcceleration,141281275,0.08604162,-0.20859483,0.002244564
Gyroscope,141281294,0.006757771,-0.0025632926,-0.019141471
LinearAcceleration,141281295,0.096815534,-0.05686229,0.033369187
Gyroscope,141281314,-0.003894873,-0.011085408,-0.017010942
LinearAcceleration,141281315,-0.0013467384,0.018555064,-0.025139118
Gyroscope,141281334,-0.006025402,-0.014281201,-0.0031625037
LinearAcceleration,141281335,-0.046537295,0.15951368,0.013766659
Gyroscope,141281354,0.0088883005,-0.010020143,0.016012255
LinearAcceleration,141281355,-0.06778584,0.16864158,0.02873042
Gyroscope,141281374,0.024867266,6.3250074E-4,0.028795429
LinearAcceleration,141281375,-0.054617725,0.16265608,0.002244564
Gyroscope,141281394,0.036585175,0.015546203,0.03412175
LinearAcceleration,141281395,0.0025438394,0.087089084,0.040402155
Gyroscope,141281415,0.044042025,0.02193779,0.03199122
LinearAcceleration,141281416,0.040851068,-0.07736264,0.039653964
Gyroscope,141281434,0.03551991,0.024068318,0.025599636
LinearAcceleration,141281435,0.09980828,0.066139825,0.04563947
Gyroscope,141281454,0.036585175,0.024068318,0.025599636
LinearAcceleration,141281455,0.14454992,0.04623802,0.027084406
Gyroscope,141281474,0.034454647,0.020872524,0.025599636
LinearAcceleration,141281475,0.13257892,-0.047734395,0.037858315
Gyroscope,141281494,0.026997795,0.013415674,0.01707752
LinearAcceleration,141281495,0.14290391,-0.07646482,0.063895255
Gyroscope,141281514,0.015279886,0.003828294,0.0021638183
LinearAcceleration,141281515,0.17537527,-0.028880058,0.06494272
Gyroscope,141281534,0.0088883005,-0.007889614,-0.011684619
LinearAcceleration,141281535,0.14110826,0.022296004,0.07885902
Gyroscope,141281554,0.0056925067,-0.014281201,-0.012749883
LinearAcceleration,141281555,0.10803835,-0.004189853,0.054767363
Gyroscope,141281574,0.003561978,-0.021738052,-0.018076206
LinearAcceleration,141281575,0.053570263,-0.049230773,0.045340195
Gyroscope,141281594,-0.0028296087,-0.032390695,-0.02872885
LinearAcceleration,141281595,-0.036810853,0.11252748,0.024690205
Gyroscope,141281614,3.6618466E-4,-0.034521226,-0.02872885
LinearAcceleration,141281615,-0.0863409,0.13452421,0.028281508
Gyroscope,141281634,0.009953564,-0.027064374,-0.020206735
LinearAcceleration,141281635,-0.107739076,0.17971477,0.03875614
Gyroscope,141281654,0.028063059,-0.015346466,-0.004227768
LinearAcceleration,141281655,-0.10055647,0.054168813,0.018255789
Gyroscope,141281674,0.03551991,-0.0046938215,0.004294347
LinearAcceleration,141281675,-0.09127894,-0.041150343,0.008678981
Gyroscope,141281694,0.034454647,0.0048935586,0.008555405
LinearAcceleration,141281695,-0.08499416,-0.10235212,-0.010773907
Gyroscope,141281714,0.025932532,0.013415674,0.011751198
LinearAcceleration,141281716,-0.008978256,-0.091578215,-0.031124622
Gyroscope,141281734,0.015279886,0.018741995,0.01707752
LinearAcceleration,141281735,0.008828619,-0.07885902,-0.0034416649
Gyroscope,141281754,0.006757771,0.02193779,0.022403842
LinearAcceleration,141281755,0.08693945,-0.08379706,-0.0010474633
Gyroscope,141281774,0.0014314491,0.018741995,0.016012255
LinearAcceleration,141281775,0.13317747,-0.1074398,0.014814123
Gyroscope,141281794,-0.012416989,0.012350409,-0.0010319749
LinearAcceleration,141281795,0.15263036,0.015711948,0.04818331
Gyroscope,141281814,-0.016678046,0.0048935586,-0.011684619
LinearAcceleration,141281815,0.16235681,0.09427169,0.07272387
Gyroscope,141281834,-0.009221195,-0.0046938215,-0.014880412
LinearAcceleration,141281835,0.1316811,0.0688333,0.06628946
Gyroscope,141281854,-0.003894873,-0.016411731,-0.015945677
LinearAcceleration,141281855,0.08439561,0.09831191,0.059855044
Gyroscope,141281874,0.003561978,-0.020672787,-0.0074235615
LinearAcceleration,141281875,0.029628245,0.06868366,0.07496844
Gyroscope,141281895,0.006757771,-0.016411731,-0.0020972393
LinearAcceleration,141281896,-0.024091655,0.06494272,0.051774614
Gyroscope,141281915,0.009953564,-0.008954879,-0.004227768
LinearAcceleration,141281916,-0.046537295,0.05267244,0.04189853
Gyroscope,141281934,0.012084093,-0.001498028,-0.011684619
LinearAcceleration,141281935,-0.002244564,0.07032967,0.049829323
Gyroscope,141281954,0.017410416,0.0016977652,-0.014880412
LinearAcceleration,141281955,0.016759412,-2.992752E-4,0.026934769
Gyroscope,141281974,0.017410416,-0.0036285568,-0.012749883
LinearAcceleration,141281975,0.046387658,0.009127894,0.036361936
Gyroscope,141281994,0.01634515,-0.008954879,-0.0010319749
LinearAcceleration,141281995,0.036661215,-0.021996727,0.016011223
Gyroscope,141282014,0.0088883005,-0.014281201,0.010685934
LinearAcceleration,141282015,-0.027832596,-0.05057751,0.0077811554
Gyroscope,141282034,0.0024967135,-0.016411731,0.016012255
LinearAcceleration,141282035,-0.054917,-0.017058687,-0.023193829
Gyroscope,141282054,-0.0028296087,-0.011085408,0.012816463
LinearAcceleration,141282055,-0.045190558,0.0104746325,0.002992752
Gyroscope,141282074,-0.0028296087,-0.001498028,0.0032290828
LinearAcceleration,141282075,-0.0163105,0.023642741,0.013617022
Gyroscope,141282094,-0.003894873,0.005958823,-0.00955409
LinearAcceleration,141282095,0.031423897,0.0055365916,0.0052373162
Gyroscope,141282114,-0.003894873,0.009154616,-0.015945677
LinearAcceleration,141282115,0.022894554,0.03067571,0.008678981
Gyroscope,141282134,-0.0028296087,0.005958823,-0.015945677
LinearAcceleration,141282135,0.058358666,-0.002992752,0.026635494
Gyroscope,141282154,-0.006025402,-0.0025632926,-0.014880412
LinearAcceleration,141282155,0.04743512,0.03995324,0.046686932
Gyroscope,141282174,-0.0049601374,-0.007889614,-0.004227768
LinearAcceleration,141282175,0.023343466,0.040851068,0.058209028
Gyroscope,141282194,-0.0028296087,-0.008954879,0.0032290828
LinearAcceleration,141282195,-0.002992752,0.019153614,0.06628946
Gyroscope,141282214,-0.0017643442,-0.005759086,0.001098554
LinearAcceleration,141282215,-0.032770637,0.03561375,0.052822076
Gyroscope,141282234,-6.9907977E-4,-4.3276369E-4,-0.0031625037
LinearAcceleration,141282235,0.0019452889,0.070180036,0.045190558
Gyroscope,141282254,0.004627242,0.009154616,0.0032290828
LinearAcceleration,141282255,0.041150343,0.020949265,0.04623802
Gyroscope,141282274,0.0024967135,0.01021988,0.0074901404
LinearAcceleration,141282275,0.10175357,-0.08095395,0.05940613
Gyroscope,141282294,-0.009221195,0.0027630297,-0.0031625037
LinearAcceleration,141282295,0.09756372,-0.012719196,0.015113398
Gyroscope,141282314,-0.011351724,-0.007889614,-0.017010942
LinearAcceleration,141282315,0.07436989,0.052971713,0.006434417
Gyroscope,141282334,-0.015612782,-0.014281201,-0.020206735
LinearAcceleration,141282335,0.031573534,0.13617022,0.050427873
Gyroscope,141282354,-0.003894873,-0.016411731,-0.012749883
LinearAcceleration,141282355,0.011073183,0.0700304,0.041748893
Gyroscope,141282374,0.004627242,-0.013215937,-0.00955409
LinearAcceleration,141282375,-0.0163105,0.02439093,0.043843817
Gyroscope,141282394,0.007823036,-0.008954879,-0.00955409
LinearAcceleration,141282395,-0.020949265,0.008828619,0.012719196
Gyroscope,141282415,0.0088883005,-0.0036285568,-0.006358297
LinearAcceleration,141282416,-0.019602526,-0.022296004,7.48188E-4
Gyroscope,141282434,0.006757771,-4.3276369E-4,-0.0052930326
LinearAcceleration,141282436,-0.032621,-0.032920275,-0.0038905777
Gyroscope,141282454,0.003561978,0.0027630297,0.001098554
LinearAcceleration,141282455,-0.022894554,0.017208325,-4.4891282E-4
Gyroscope,141282474,3.6618466E-4,0.003828294,0.010685934
LinearAcceleration,141282475,0.0010474633,0.0052373162,0.026934769
Gyroscope,141282494,-0.0028296087,0.003828294,0.010685934
LinearAcceleration,141282495,0.032022446,0.023044191,0.021996727
Gyroscope,141282514,-0.006025402,0.005958823,0.0021638183
LinearAcceleration,141282515,0.0175076,0.071975686,0.024091655
Gyroscope,141282535,-0.0017643442,0.0080893515,3.3289514E-5
LinearAcceleration,141282536,0.05312135,0.06688801,0.035763387
Gyroscope,141282554,0.0056925067,0.0048935586,0.001098554
LinearAcceleration,141282556,0.08843583,-0.011073183,0.033369187
Gyroscope,141282574,0.003561978,-0.005759086,0.0021638183
LinearAcceleration,141282576,0.076015905,0.03187281,0.06404489
Gyroscope,141282594,0.0056925067,-0.010020143,0.011751198
LinearAcceleration,141282596,0.006584055,0.032920275,0.033967737
Gyroscope,141282615,0.007823036,-0.0068243505,0.014946992
LinearAcceleration,141282616,-0.002992752,0.087687634,0.059705406
Gyroscope,141282634,0.013149357,6.3250074E-4,0.014946992
LinearAcceleration,141282636,0.02439093,0.017956512,0.06060323
Gyroscope,141282654,0.013149357,0.0048935586,0.008555405
LinearAcceleration,141282656,0.04683657,-0.073023155,0.03441665
Gyroscope,141282675,0.0024967135,0.003828294,-0.004227768
LinearAcceleration,141282676,0.051325697,-0.05626374,0.030825347
Gyroscope,141282694,-0.006025402,0.0016977652,-0.013815148
LinearAcceleration,141282696,0.046387658,-0.04309563,0.032022446
Gyroscope,141282714,-0.015612782,-0.001498028,-0.010619354
LinearAcceleration,141282716,0.05566519,-0.11716624,0.027383681
Gyroscope,141282734,-0.027330691,-0.007889614,-0.013815148
LinearAcceleration,141282735,0.05267244,0.04129998,-0.0026934769
Gyroscope,141282754,-0.027330691,-0.013215937,-0.00955409
LinearAcceleration,141282756,0.0016460137,0.061052144,-0.011372458
Gyroscope,141282774,-0.023069633,-0.012150672,-0.0020972393
LinearAcceleration,141282776,-0.0062847794,0.09142858,0.0038905777
Gyroscope,141282795,-0.015612782,-0.008954879,0.0021638183
LinearAcceleration,141282796,-0.005087679,0.068534024,-0.0010474633
Gyroscope,141282814,-0.006025402,-0.001498028,0.0053596115
LinearAcceleration,141282816,-2.992752E-4,0.07317279,0.0070329676
Gyroscope,141282834,3.6618466E-4,0.005958823,0.012816463
LinearAcceleration,141282835,0.013916298,0.005985504,0.043993454
Gyroscope,141282855,0.0014314491,0.011285145,0.011751198
LinearAcceleration,141282856,0.030526072,0.02498948,0.027084406
Gyroscope,141282875,0.0014314491,0.011285145,0.0074901404
LinearAcceleration,141282876,0.055365913,-0.005087679,0.062698156
Gyroscope,141282894,-0.0017643442,0.0080893515,-0.0010319749
LinearAcceleration,141282895,0.11447277,0.019752163,0.071975686
Gyroscope,141282915,-0.0028296087,0.0027630297,-0.0031625037
LinearAcceleration,141282916,0.09487024,0.09247604,0.06299743
Gyroscope,141282935,0.0024967135,-4.3276369E-4,0.0053596115
LinearAcceleration,141282936,0.06569091,-0.033369187,0.05925649
Gyroscope,141282955,0.0014314491,-0.0046938215,0.001098554
LinearAcceleration,141282956,0.043843817,0.09202713,0.02184709
Gyroscope,141282975,0.003561978,-0.0036285568,0.0021638183
LinearAcceleration,141282976,0.045938745,-0.038456865,0.023044191
Gyroscope,141282995,-0.0017643442,6.3250074E-4,3.3289514E-5
LinearAcceleration,141282996,0.043394905,0.06898294,0.038307227
Gyroscope,141283015,0.003561978,0.0048935586,0.0021638183
LinearAcceleration,141283016,0.056114104,0.05207389,0.021398177
Gyroscope,141283035,0.0056925067,0.0048935586,-0.004227768
LinearAcceleration,141283036,0.058209028,-0.038905777,0.022595279
Gyroscope,141283055,-0.0028296087,-0.001498028,-0.013815148
LinearAcceleration,141283056,0.050727148,0.014963761,0.00808043
Gyroscope,141283075,-0.006025402,-0.0068243505,-0.014880412
LinearAcceleration,141283076,0.061052144,0.07092822,0.023343466
Gyroscope,141283095,-0.003894873,-0.0068243505,-0.00955409
LinearAcceleration,141283096,0.06434417,0.028880058,0.041150343
Gyroscope,141283115,-0.0049601374,-0.005759086,0.001098554
LinearAcceleration,141283116,0.047285482,0.01436521,0.04444237
Gyroscope,141283135,-0.0070906663,-0.0068243505,0.0074901404
LinearAcceleration,141283136,0.019602526,-0.006135142,0.034715924
Gyroscope,141283154,-0.0049601374,-0.005759086,3.3289514E-5
LinearAcceleration,141283155,0.027832596,0.047584757,0.023792379
Gyroscope,141283175,-0.0028296087,-0.001498028,-0.0084888255
LinearAcceleration,141283176,0.014664485,0.015263036,0.004638766
Gyroscope,141283195,-0.0049601374,0.0016977652,-0.00955409
LinearAcceleration,141283196,0.022744916,0.06419453,0.011522096
Gyroscope,141283215,-0.003894873,0.0027630297,0.0021638183
LinearAcceleration,141283216,0.011971008,0.05207389,0.010175358
Gyroscope,141283235,3.6618466E-4,0.0016977652,0.016012255
LinearAcceleration,141283236,0.007182605,0.03755904,0.031423897
Gyroscope,141283255,0.0014314491,0.0027630297,0.021338578
LinearAcceleration,141283256,-0.017956512,0.112976395,0.022894554
Gyroscope,141283275,0.009953564,0.009154616,0.021338578
LinearAcceleration,141283276,0.026036944,5.985504E-4,0.051325697
Gyroscope,141283295,0.0056925067,0.015546203,0.0053596115
LinearAcceleration,141283296,0.04504092,0.05431845,0.040252518
Gyroscope,141283315,0.012084093,0.012350409,-0.0052930326
LinearAcceleration,141283316,0.11731588,-0.022445641,0.06868366
Gyroscope,141283335,0.006757771,0.0048935586,-0.010619354
LinearAcceleration,141283336,0.1237503,0.01690905,0.032621
Gyroscope,141283355,0.004627242,-0.0036285568,-0.0084888255
LinearAcceleration,141283356,0.09083003,0.01316811,0.03247136
Gyroscope,141283375,0.004627242,-0.0068243505,-0.0031625037
LinearAcceleration,141283376,0.053420626,0.004638766,0.031124622
Gyroscope,141283395,0.004627242,-0.0068243505,-0.0031625037
LinearAcceleration,141283396,0.02932897,0.014065935,0.020201078
Gyroscope,141283414,0.0014314491,-0.0025632926,-0.010619354
LinearAcceleration,141283416,0.030376434,-0.004040215,0.041599255
Gyroscope,141283435,-0.003894873,-0.0025632926,-0.020206735
LinearAcceleration,141283436,0.06120178,0.0,0.05327099
Gyroscope,141283455,-0.0070906663,-0.0036285568,-0.023402527
LinearAcceleration,141283456,0.060453594,-0.023343466,0.02439093
Gyroscope,141283475,-0.012416989,-0.005759086,-0.025533056
LinearAcceleration,141283476,0.06374562,0.013617022,0.013617022
Gyroscope,141283495,-0.01774331,-0.008954879,-0.027663585
LinearAcceleration,141283496,0.053570263,0.032172084,-0.0028431145
Gyroscope,141283515,-0.016678046,-0.010020143,-0.022337263
LinearAcceleration,141283516,0.040402155,0.09935937,-0.0020949265
Gyroscope,141283535,-0.0070906663,-0.008954879,-0.0074235615
LinearAcceleration,141283536,-0.0038905777,0.112377845,-0.014215573
Gyroscope,141283554,0.0014314491,-0.0036285568,0.0032290828
LinearAcceleration,141283556,-0.009876082,0.10130466,0.017657237
Gyroscope,141283575,0.007823036,0.003828294,0.008555405
LinearAcceleration,141283576,-0.001496376,0.011372458,0.05701193
Gyroscope,141283595,0.0088883005,0.01021988,0.008555405
LinearAcceleration,141283596,0.03187281,0.010025719,0.03172317
Gyroscope,141283615,0.004627242,0.01021988,3.3289514E-5
LinearAcceleration,141283616,0.057909753,-0.017657237,0.068534024
Gyroscope,141283635,-0.0017643442,0.0070240875,-0.006358297
LinearAcceleration,141283636,0.09322423,0.04189853,0.07646482
Gyroscope,141283655,-6.9907977E-4,0.0016977652,-0.0020972393
LinearAcceleration,141283656,0.074818805,0.03441665,0.077213004
Gyroscope,141283675,3.6618466E-4,-0.0025632926,0.0032290828
LinearAcceleration,141283676,0.057760116,-0.0016460137,0.05551555
Gyroscope,141283695,-0.0017643442,-0.0068243505,-0.0010319749
LinearAcceleration,141283696,0.01810615,-0.0016460137,0.0052373162
Gyroscope,141283715,-0.0028296087,-0.0036285568,-0.0074235615
LinearAcceleration,141283716,0.025139118,0.038905777,0.025288755
Gyroscope,141283735,3.6618466E-4,0.0016977652,-0.004227768
LinearAcceleration,141283736,0.033369187,0.0398036,0.04189853
Gyroscope,141283755,0.0024967135,0.0027630297,3.3289514E-5
LinearAcceleration,141283756,0.037858315,0.0062847794,-1.496376E-4
Gyroscope,141283775,0.0014314491,0.0016977652,3.3289514E-5
LinearAcceleration,141283776,0.023343466,-0.005686229,0.02498948
Gyroscope,141283795,-0.0017643442,-0.001498028,-0.0074235615
LinearAcceleration,141283796,0.01616086,0.042048167,0.012868834
Gyroscope,141283815,3.6618466E-4,-4.3276369E-4,-0.006358297
LinearAcceleration,141283816,0.021996727,0.10519524,0.045938745
Gyroscope,141283834,0.007823036,0.0016977652,0.001098554
LinearAcceleration,141283835,0.034865562,0.015263036,0.050427873
Gyroscope,141283855,0.007823036,0.0027630297,-0.0020972393
LinearAcceleration,141283856,0.02633622,0.015113398,0.03935469
Gyroscope,141283875,0.009953564,0.0027630297,-0.0052930326
LinearAcceleration,141283876,0.035763387,0.03172317,0.02124854
Gyroscope,141283895,0.013149357,0.0048935586,3.3289514E-5
LinearAcceleration,141283896,0.039055414,-0.012569559,-1.496376E-4
Gyroscope,141283915,0.0110188285,0.0070240875,0.0032290828
LinearAcceleration,141283916,0.056712653,-0.117615156,-0.020201078
Gyroscope,141283935,-6.9907977E-4,0.0070240875,-0.0020972393
LinearAcceleration,141283936,0.08499416,0.0043394906,-0.00808043
Gyroscope,141283956,-0.0070906663,0.005958823,-0.0031625037
LinearAcceleration,141283957,0.092775315,0.010324995,0.014514848
Gyroscope,141283975,-0.009221195,0.0027630297,-0.0031625037
LinearAcceleration,141283976,0.11836334,0.023343466,0.0073322426
Gyroscope,141283995,-0.0070906663,0.0016977652,-0.004227768
LinearAcceleration,141283996,0.10818799,0.10684125,0.03321955
Gyroscope,141284015,3.6618466E-4,0.0027630297,-0.0052930326
LinearAcceleration,141284016,0.1086369,0.05865794,0.04129998
Gyroscope,141284035,0.006757771,-0.001498028,-0.011684619
LinearAcceleration,141284036,0.102052845,-0.011971008,0.01616086
Gyroscope,141284055,0.0024967135,-0.0068243505,-0.021272
LinearAcceleration,141284056,0.089782566,0.009726444,0.021996727
Gyroscope,141284075,-0.0028296087,-0.011085408,-0.021272
LinearAcceleration,141284076,0.1038485,0.006584055,0.045789108
Gyroscope,141284095,-0.0049601374,-0.012150672,-0.018076206
LinearAcceleration,141284096,0.06584055,0.0067336923,0.049829323
Gyroscope,141284115,-0.0049601374,-0.014281201,-0.018076206
LinearAcceleration,141284116,0.028880058,0.053570263,0.029777884
Gyroscope,141284135,-0.0017643442,-0.012150672,-0.018076206
LinearAcceleration,141284136,-0.045938745,0.025737667,0.017956512
Gyroscope,141284155,0.0014314491,-0.0068243505,-0.015945677
LinearAcceleration,141284156,-0.027832596,0.002992752,0.03935469
Gyroscope,141284175,-0.0017643442,-0.0036285568,-0.022337263
LinearAcceleration,141284176,0.03995324,1.496376E-4,0.03606266
Gyroscope,141284195,-0.003894873,-0.0036285568,-0.022337263
LinearAcceleration,141284196,-0.017806875,0.027383681,0.004938041
Gyroscope,141284215,-0.003894873,-0.0036285568,-0.015945677
LinearAcceleration,141284216,-0.0034416649,0.023642741,0.010923545
Gyroscope,141284235,-0.003894873,-0.0046938215,-0.011684619
LinearAcceleration,141284236,-0.020051438,0.066738375,0.004638766
Gyroscope,141284254,0.0024967135,-0.0025632926,3.3289514E-5
LinearAcceleration,141284256,0.008529344,0.048632223,0.011671733
Gyroscope,141284275,0.0056925067,0.0048935586,0.008555405
LinearAcceleration,141284276,0.029927522,0.04129998,0.022296004
Gyroscope,141284295,0.0088883005,0.012350409,0.012816463
LinearAcceleration,141284296,0.05955577,0.026785132,0.014963761
Gyroscope,141284315,0.007823036,0.015546203,0.009620669
LinearAcceleration,141284316,0.122253925,-0.054617725,0.04129998
Gyroscope,141284334,0.003561978,0.011285145,-0.004227768
LinearAcceleration,141284335,0.12988544,-0.038007952,0.02932897
Gyroscope,141284354,-0.003894873,0.0027630297,-0.013815148
LinearAcceleration,141284355,0.115969144,0.006135142,0.055365913
Gyroscope,141284374,-0.0070906663,-0.0068243505,-0.013815148
LinearAcceleration,141284374,0.08439561,0.035913024,0.038456865
Gyroscope,141284394,-0.006025402,-0.013215937,-0.0052930326
LinearAcceleration,141284394,0.06015432,0.07990648,0.046387658
Gyroscope,141284414,-6.9907977E-4,-0.013215937,0.004294347
LinearAcceleration,141284414,0.019303251,0.073621705,0.025737667
Gyroscope,141284434,0.0024967135,-0.0068243505,0.004294347
LinearAcceleration,141284434,0.010773907,-0.046088383,0.032920275
Gyroscope,141284454,-0.0028296087,-4.3276369E-4,-0.0074235615
LinearAcceleration,141284454,0.015562311,0.045938745,0.018255789
Gyroscope,141284476,-0.0017643442,0.0070240875,-0.010619354
LinearAcceleration,141284477,0.091578215,0.04818331,0.055066638
Gyroscope,141284495,3.6618466E-4,0.0080893515,-0.004227768
LinearAcceleration,141284496,0.10534488,-0.026186582,0.029927522
Gyroscope,141284515,3.6618466E-4,0.0016977652,0.0021638183
LinearAcceleration,141284516,0.11776479,-0.062099606,0.038307227
Gyroscope,141284535,-0.008155931,-0.0068243505,-0.011684619
LinearAcceleration,141284537,0.032621,0.05626374,0.020051438
Gyroscope,141284555,-0.009221195,-0.013215937,-0.017010942
LinearAcceleration,141284556,0.001496376,0.14215572,0.02558803
Gyroscope,141284575,3.6618466E-4,-0.014281201,-0.014880412
LinearAcceleration,141284576,0.058508303,0.15472528,0.06569091
Gyroscope,141284595,0.014214622,-0.012150672,-0.0020972393
LinearAcceleration,141284596,0.020051438,0.06464344,0.07347207
Gyroscope,141284615,0.017410416,-0.007889614,-0.0010319749
LinearAcceleration,141284616,-0.019303251,0.048931498,0.048033673
Gyroscope,141284635,0.01634515,-0.0036285568,-0.0052930326
LinearAcceleration,141284636,-0.059705406,-0.044292733,-0.005686229
Gyroscope,141284655,0.013149357,0.0016977652,-0.0052930326
LinearAcceleration,141284656,0.015711948,-0.10998364,-0.006584055
Gyroscope,141284675,0.003561978,0.0027630297,-0.010619354
LinearAcceleration,141284676,0.01436521,-0.029628245,-0.019602526
Gyroscope,141284695,-0.0028296087,0.003828294,-0.0074235615
LinearAcceleration,141284696,0.066738375,0.012270284,-0.012419921
Gyroscope,141284715,-0.008155931,6.3250074E-4,-0.004227768
LinearAcceleration,141284716,0.098461546,-0.05117606,0.004489128
Gyroscope,141284735,-0.0145475175,-0.0036285568,-0.00955409
LinearAcceleration,141284736,0.024091655,0.11133038,0.0053869537
Gyroscope,141284755,-0.0070906663,-0.0046938215,-0.006358297
LinearAcceleration,141284756,-0.024839843,0.055066638,4.4891282E-4
Gyroscope,141284775,0.0014314491,-0.0036285568,-0.006358297
LinearAcceleration,141284776,0.009726444,-0.006135142,0.032621
Gyroscope,141284795,-6.9907977E-4,-0.005759086,-0.015945677
LinearAcceleration,141284796,0.025139118,0.052223526,0.07646482
Gyroscope,141284815,0.0014314491,-0.0036285568,-0.0074235615
LinearAcceleration,141284816,0.023792379,0.06868366,0.0664391
Gyroscope,141284835,0.0056925067,-0.001498028,0.001098554
LinearAcceleration,141284836,0.020201078,0.001496376,0.049530048
Gyroscope,141284855,0.006757771,6.3250074E-4,0.001098554
LinearAcceleration,141284856,0.022445641,-0.030825347,0.04938041
Gyroscope,141284875,0.0024967135,6.3250074E-4,-0.0052930326
LinearAcceleration,141284876,0.047285482,0.004938041,0.050278235
Gyroscope,141284895,-6.9907977E-4,6.3250074E-4,-0.010619354
LinearAcceleration,141284896,0.033967737,0.0,0.03696049
Gyroscope,141284915,3.6618466E-4,6.3250074E-4,-0.0052930326
LinearAcceleration,141284916,0.079008654,-0.058957215,0.12764087
Gyroscope,141284935,-0.0028296087,-0.0025632926,-0.011684619
LinearAcceleration,141284936,0.030974984,0.009127894,0.043544542
Gyroscope,141284955,-0.006025402,-0.005759086,-0.010619354
LinearAcceleration,141284956,-0.027533319,0.06404489,0.019452889
Gyroscope,141284976,-6.9907977E-4,-0.0068243505,3.3289514E-5
LinearAcceleration,141284977,-0.026186582,0.10564415,0.020201078
Gyroscope,141284995,0.006757771,-0.0025632926,0.010685934
LinearAcceleration,141284996,-0.0034416649,0.07092822,0.0020949265
Gyroscope,141285015,0.012084093,0.003828294,0.013881727
LinearAcceleration,141285016,-0.045190558,0.0038905777,-0.0038905777
Gyroscope,141285035,0.012084093,0.012350409,0.0053596115
LinearAcceleration,141285037,0.014664485,-0.018854339,-0.0074818805
Gyroscope,141285055,0.0088883005,0.016611468,-0.0020972393
LinearAcceleration,141285056,0.060902506,0.015711948,0.020051438
Gyroscope,141285075,0.0056925067,0.015546203,-0.0010319749
LinearAcceleration,141285076,0.071377136,-0.07392098,-1.496376E-4
Gyroscope,141285095,-0.0017643442,0.01021988,-0.004227768
LinearAcceleration,141285096,0.104297414,-0.020201078,0.05117606
Gyroscope,141285115,-0.0049601374,0.0048935586,-0.0031625037
LinearAcceleration,141285116,0.10474633,0.033518825,0.025887307
Gyroscope,141285135,-0.006025402,-0.001498028,-0.0010319749
LinearAcceleration,141285137,0.0839467,0.041748893,0.017357962
Gyroscope,141285155,-0.0049601374,-0.005759086,-0.0020972393
LinearAcceleration,141285156,0.0537199,0.030825347,0.024241293
Gyroscope,141285175,-0.0049601374,-0.007889614,-0.0084888255
LinearAcceleration,141285176,0.012868834,0.049829323,0.019303251
Gyroscope,141285195,-0.0049601374,-0.0025632926,-0.00955409
LinearAcceleration,141285196,0.044891283,0.04129998,0.046537295
Gyroscope,141285215,-0.003894873,6.3250074E-4,-0.00955409
LinearAcceleration,141285216,0.071975686,0.024241293,0.04743512
Gyroscope,141285235,-0.0049601374,-0.001498028,-0.00955409
LinearAcceleration,141285236,0.07511808,0.009876082,0.024540568
Gyroscope,141285255,-0.008155931,-0.005759086,-0.015945677
LinearAcceleration,141285257,0.017657237,0.024091655,0.012569559
Gyroscope,141285275,-0.009221195,-0.008954879,-0.024467792
LinearAcceleration,141285277,0.021996727,0.108337626,0.04369418
Gyroscope,141285295,-0.0017643442,-0.008954879,-0.017010942
LinearAcceleration,141285296,0.0026934769,0.10788871,0.06823475
Gyroscope,141285315,0.009953564,-0.007889614,-0.006358297
LinearAcceleration,141285317,-0.0031423897,0.07885902,0.073621705
Gyroscope,141285335,0.01634515,-0.0025632926,3.3289514E-5
LinearAcceleration,141285336,-0.009127894,0.009277532,0.045938745
Gyroscope,141285356,0.017410416,0.0027630297,-0.0010319749
LinearAcceleration,141285357,-0.022146367,-0.029029695,0.017208325
Gyroscope,141285375,0.017410416,0.0080893515,0.0032290828
LinearAcceleration,141285376,-0.0017956513,-0.052822076,0.012419921
Gyroscope,141285395,0.009953564,0.012350409,0.004294347
LinearAcceleration,141285397,0.043544542,-0.061052144,-0.012419921
Gyroscope,141285415,-0.0017643442,0.009154616,0.0032290828
LinearAcceleration,141285416,0.06703765,-0.008379706,-0.017058687
Gyroscope,141285435,-0.006025402,0.0048935586,0.004294347
LinearAcceleration,141285437,0.08215105,0.029777884,-0.0028431145
Gyroscope,141285455,-0.006025402,-0.001498028,0.0032290828
LinearAcceleration,141285457,0.071975686,0.09187749,0.013617022
Gyroscope,141285476,0.0014314491,-0.0036285568,0.0032290828
LinearAcceleration,141285477,0.07870938,0.073621705,0.033668462
Gyroscope,141285496,0.007823036,-0.0036285568,-0.0020972393
LinearAcceleration,141285497,0.06284779,-0.05925649,0.050427873
Gyroscope,141285516,0.0014314491,-0.005759086,-0.017010942
LinearAcceleration,141285517,0.057760116,0.026785132,0.025139118
Gyroscope,141285536,-6.9907977E-4,-0.0068243505,-0.015945677
LinearAcceleration,141285537,0.037110128,-0.026036944,0.041748893
Gyroscope,141285555,-0.003894873,-0.010020143,-0.013815148
LinearAcceleration,141285556,0.033369187,0.04563947,0.020051438
Gyroscope,141285576,-0.006025402,-0.011085408,-0.011684619
LinearAcceleration,141285577,0.0010474633,0.034715924,0.049679685
Gyroscope,141285596,-6.9907977E-4,-0.008954879,-0.00955409
LinearAcceleration,141285597,-0.006135142,0.027383681,0.046986207
Gyroscope,141285616,-6.9907977E-4,-0.005759086,-0.012749883
LinearAcceleration,141285617,-0.006135142,0.0199018,0.06928221
Gyroscope,141285636,-6.9907977E-4,-0.0025632926,-0.015945677
LinearAcceleration,141285637,-0.010773907,-0.012419921,0.03561375
Gyroscope,141285656,-0.003894873,-0.0025632926,-0.013815148
LinearAcceleration,141285657,-0.015562311,0.05566519,0.028281508
Gyroscope,141285676,-0.003894873,-0.0025632926,-0.0031625037
LinearAcceleration,141285677,-0.02498948,0.02558803,0.030376434
Gyroscope,141285696,-0.0017643442,-0.0025632926,0.0032290828
LinearAcceleration,141285697,-0.024839843,0.04818331,0.019452889
Gyroscope,141285716,0.003561978,0.0027630297,0.009620669
LinearAcceleration,141285717,-0.0175076,0.06838439,0.0047884034
Gyroscope,141285735,0.007823036,0.0080893515,0.010685934
LinearAcceleration,141285737,-0.030526072,0.050427873,-0.0025438394
Gyroscope,141285755,0.0088883005,0.009154616,0.009620669
LinearAcceleration,141285756,0.018405426,0.006135142,0.0058358666
Gyroscope,141285776,0.009953564,0.0080893515,0.010685934
LinearAcceleration,141285777,0.044592008,-0.0023942017,0.022595279
Gyroscope,141285796,0.006757771,0.005958823,0.0074901404
LinearAcceleration,141285797,0.07990648,-0.039504327,0.0058358666
Gyroscope,141285816,-6.9907977E-4,0.003828294,3.3289514E-5
LinearAcceleration,141285817,0.07466917,-0.010773907,0.030974984
Gyroscope,141285836,-0.006025402,-4.3276369E-4,-0.0010319749
LinearAcceleration,141285837,0.08619126,0.067935474,0.047285482
Gyroscope,141285856,-0.0070906663,-0.0046938215,-0.0010319749
LinearAcceleration,141285857,0.08095395,0.044891283,0.042197805
Gyroscope,141285876,-0.0049601374,-0.0068243505,-0.0031625037
LinearAcceleration,141285877,0.036361936,0.010175358,0.02184709
Gyroscope,141285895,-0.0028296087,-0.0068243505,-0.004227768
LinearAcceleration,141285897,0.010025719,0.050727148,0.0025438394
Gyroscope,141285916,3.6618466E-4,-0.001498028,-0.0020972393
LinearAcceleration,141285917,0.03127426,0.07556699,0.058358666
Gyroscope,141285936,0.004627242,0.0016977652,0.0032290828
LinearAcceleration,141285937,0.058508303,-0.035913024,0.052223526
Gyroscope,141285956,0.0014314491,6.3250074E-4,3.3289514E-5
LinearAcceleration,141285957,0.08080431,-0.044292733,0.040252518
Gyroscope,141285975,-0.0070906663,-0.0046938215,-0.017010942
LinearAcceleration,141285976,0.045789108,0.0034416649,0.017357962
Gyroscope,141285996,-0.011351724,-0.010020143,-0.027663585
LinearAcceleration,141285997,0.06299743,0.060303956,0.04743512
Gyroscope,141286015,-0.0070906663,-0.013215937,-0.017010942
LinearAcceleration,141286017,0.0031423897,0.20934302,0.055066638
Gyroscope,141286036,0.0110188285,-0.013215937,0.004294347
LinearAcceleration,141286037,-0.04683657,0.08334815,0.06284779
Gyroscope,141286056,0.019540945,-0.007889614,0.01707752
LinearAcceleration,141286057,-0.05940613,0.05701193,0.03007716
Gyroscope,141286076,0.028063059,0.0070240875,0.027730165
LinearAcceleration,141286077,-0.06539164,-0.11566987,0.028281508
Gyroscope,141286096,0.01634515,0.018741995,0.01920805
LinearAcceleration,141286097,-0.017208325,-0.12180501,0.008529344
Gyroscope,141286116,-6.9907977E-4,0.023003053,0.0032290828
LinearAcceleration,141286117,0.064493805,-0.05701193,-0.0013467384
Gyroscope,141286136,-0.011351724,0.017676732,-0.0052930326
LinearAcceleration,141286137,0.11686697,0.04189853,0.0037409402
Gyroscope,141286156,-0.01028646,0.0080893515,-0.0020972393
LinearAcceleration,141286157,0.11851298,0.06569091,0.033369187
Gyroscope,141286176,-0.006025402,-0.0036285568,0.004294347
LinearAcceleration,141286177,0.109534726,0.09531915,0.011522096
Gyroscope,141286196,0.003561978,-0.007889614,0.0053596115
LinearAcceleration,141286197,0.058807578,0.09861118,0.030226797
Gyroscope,141286216,0.009953564,-0.007889614,-0.0010319749
LinearAcceleration,141286217,0.048931498,-0.04504092,0.041000705
Gyroscope,141286236,0.0014314491,-0.0068243505,-0.019141471
LinearAcceleration,141286237,0.04938041,-0.008379706,0.0712275
Gyroscope,141286256,-0.003894873,-0.005759086,-0.024467792
LinearAcceleration,141286257,0.058508303,0.044592008,0.034715924
Gyroscope,141286276,-0.006025402,-0.005759086,-0.019141471
LinearAcceleration,141286277,0.031573534,0.03995324,0.027982233
Gyroscope,141286296,-0.0049601374,-0.007889614,-0.015945677
LinearAcceleration,141286297,0.039653964,0.029029695,0.050427873
Gyroscope,141286316,-0.0017643442,-0.008954879,-0.014880412
LinearAcceleration,141286317,0.033518825,0.014514848,0.059705406
Gyroscope,141286336,3.6618466E-4,-0.0068243505,-0.018076206
LinearAcceleration,141286337,-0.0010474633,-0.0025438394,0.05626374
Gyroscope,141286356,-0.0028296087,-0.0068243505,-0.021272
LinearAcceleration,141286357,0.017208325,-0.014963761,0.040851068
Gyroscope,141286376,-0.008155931,-0.008954879,-0.020206735
LinearAcceleration,141286377,0.0068833297,0.039205052,0.0053869537
Gyroscope,141286396,-0.008155931,-0.007889614,-0.00955409
LinearAcceleration,141286397,-0.013317747,0.03546411,0.018255789
Gyroscope,141286416,-0.006025402,-0.007889614,-0.0031625037
LinearAcceleration,141286417,-0.008529344,0.044891283,0.008529344
Gyroscope,141286436,-0.0017643442,-0.0036285568,-0.0010319749
LinearAcceleration,141286437,-0.006135142,0.08664017,0.020201078
Gyroscope,141286456,0.004627242,6.3250074E-4,3.3289514E-5
LinearAcceleration,141286457,0.002244564,0.026635494,0.024839843
Gyroscope,141286476,0.007823036,0.0027630297,3.3289514E-5
LinearAcceleration,141286477,0.03561375,0.025288755,0.036511578
Gyroscope,141286496,0.007823036,0.0027630297,0.0032290828
LinearAcceleration,141286497,0.05207389,-0.022595279,0.03172317
Gyroscope,141286517,0.0024967135,6.3250074E-4,3.3289514E-5
LinearAcceleration,141286518,0.0362123,-0.037110128,0.049530048
Gyroscope,141286536,-0.0028296087,-0.001498028,-0.0031625037
LinearAcceleration,141286537,0.025288755,0.040551793,0.04563947
Gyroscope,141286556,-0.0028296087,-0.0036285568,-0.0010319749
LinearAcceleration,141286557,0.045340195,0.042646717,0.054917
Gyroscope,141286576,3.6618466E-4,-0.005759086,0.004294347
LinearAcceleration,141286577,0.029628245,0.023343466,0.039055414
Gyroscope,141286596,0.0014314491,-0.005759086,0.0032290828
LinearAcceleration,141286597,0.025887307,0.023193829,0.037708677
Gyroscope,141286616,3.6618466E-4,-0.0025632926,-0.0010319749
LinearAcceleration,141286617,0.01616086,0.045789108,0.031423897
Gyroscope,141286636,3.6618466E-4,0.0016977652,-0.0010319749
LinearAcceleration,141286637,0.047135845,0.05865794,0.05626374
Gyroscope,141286656,0.003561978,0.0016977652,0.004294347
LinearAcceleration,141286657,0.07062895,-0.03606266,0.042945992
Gyroscope,141286676,0.0014314491,-4.3276369E-4,0.0032290828
LinearAcceleration,141286677,0.058358666,-0.014514848,0.02498948
Gyroscope,141286696,-0.0017643442,-0.005759086,-0.010619354
LinearAcceleration,141286697,0.027084406,-0.0038905777,0.046387658
Gyroscope,141286716,-0.0049601374,-0.008954879,-0.018076206
LinearAcceleration,141286717,0.028880058,0.107140526,0.044592008
Gyroscope,141286736,0.0024967135,-0.007889614,-0.00955409
LinearAcceleration,141286747,0.006135142,0.052971713,0.05865794
Gyroscope,141286756,0.009953564,-0.0068243505,0.001098554
LinearAcceleration,141286759,-0.022445641,0.03127426,0.04878186
Gyroscope,141286776,0.012084093,-0.0025632926,0.0032290828
LinearAcceleration,141286777,-0.005686229,0.039504327,0.025737667
Gyroscope,141287448,0.014214622,0.005958823,3.3289514E-5
LinearAcceleration,141287453,0.005087679,-0.01436521,0.013766659
Gyroscope,141287454,0.0110188285,0.011285145,-0.0020972393
LinearAcceleration,141287455,0.040851068,-0.079008654,0.0055365916
Gyroscope,141287455,-6.9907977E-4,0.01021988,-0.006358297
LinearAcceleration,141287456,0.07272387,-0.03232172,0.012868834
Gyroscope,141287456,-0.008155931,0.005958823,-0.0020972393
LinearAcceleration,141287456,0.082899235,0.042945992,0.019752163
Gyroscope,141287457,-0.009221195,-4.3276369E-4,0.0032290828
LinearAcceleration,141287457,0.08484452,0.055964466,0.006434417
Gyroscope,141287458,0.0014314491,-0.005759086,0.0053596115
LinearAcceleration,141287458,-0.0537199,0.11806407,0.012120646
Gyroscope,141287459,0.007823036,6.3250074E-4,0.009620669
LinearAcceleration,141287459,-0.004638766,0.037858315,-0.008379706
Gyroscope,141287460,-6.9907977E-4,-0.005759086,-0.011684619
LinearAcceleration,141287460,0.03232172,0.020949265,0.010773907
Gyroscope,141287460,-0.003894873,-0.008954879,-0.017010942
LinearAcceleration,141287461,0.026036944,0.13661914,0.05327099
Gyroscope,141287461,0.003561978,-0.008954879,-0.0052930326
LinearAcceleration,141287462,0.018854339,0.05267244,0.06479308
Gyroscope,141287475,0.006757771,-0.007889614,3.3289514E-5
LinearAcceleration,141287475,-0.015861586,0.07152677,0.042796355
Gyroscope,141287495,0.013149357,-0.0036285568,3.3289514E-5
LinearAcceleration,141287495,-0.01690905,0.034267012,0.023493104
Gyroscope,141287515,0.01847568,0.003828294,3.3289514E-5
LinearAcceleration,141287515,0.017058687,-0.036810853,0.028880058
Gyroscope,141287535,0.014214622,0.0080893515,0.001098554
LinearAcceleration,141287537,0.024091655,-0.10848726,-0.0031423897
Gyroscope,141287556,0.003561978,0.0070240875,0.001098554
LinearAcceleration,141287558,0.039504327,-0.029478608,-0.01616086
Gyroscope,141287576,-0.0049601374,0.005958823,0.006424876
LinearAcceleration,141287577,0.05940613,0.07571663,0.016011223
Gyroscope,141287596,0.003561978,0.0016977652,0.009620669
LinearAcceleration,141287598,0.08888474,-0.03441665,0.013617022
Gyroscope,141287616,-0.0017643442,-4.3276369E-4,0.0074901404
LinearAcceleration,141287617,0.07751228,0.14469956,0.040551793
Gyroscope,141287637,0.009953564,0.0027630297,0.008555405
LinearAcceleration,141287638,0.099658646,0.018854339,0.052223526
Gyroscope,141287656,0.014214622,0.0027630297,-0.0010319749
LinearAcceleration,141287658,0.07885902,-0.057760116,0.030825347
Gyroscope,141287676,0.004627242,-0.0025632926,-0.013815148
LinearAcceleration,141287677,0.071377136,-0.027832596,0.022445641
Gyroscope,141287696,-6.9907977E-4,-0.0068243505,-0.011684619
LinearAcceleration,141287697,0.057760116,0.022296004,0.035314474
Gyroscope,141287716,3.6618466E-4,-0.007889614,-0.006358297
LinearAcceleration,141287718,0.03247136,0.050727148,0.041000705
Gyroscope,141287736,0.003561978,-0.005759086,-0.004227768
LinearAcceleration,141287737,-0.01062427,-0.0019452889,0.043245267
Gyroscope,141287756,0.003561978,-0.0036285568,-0.00955409
LinearAcceleration,141287757,0.01810615,-8.9782564E-4,0.034715924
Gyroscope,141287776,0.0014314491,-0.001498028,-0.017010942
LinearAcceleration,141287777,0.01436521,-0.016609775,0.032172084
Gyroscope,141287796,-0.0017643442,-0.001498028,-0.017010942
LinearAcceleration,141287797,0.019153614,-0.03696049,0.032172084
Gyroscope,141287816,-0.0070906663,-0.005759086,-0.013815148
LinearAcceleration,141287817,0.014215573,0.033518825,0.029628245
Gyroscope,141287836,-0.0070906663,-0.007889614,-0.0052930326
LinearAcceleration,141287837,-0.01690905,0.09322423,0.0053869537
Gyroscope,141287856,-0.0017643442,-0.0046938215,0.0021638183
LinearAcceleration,141287857,-0.011971008,0.09068039,-0.0032920274
Gyroscope,141287876,0.006757771,6.3250074E-4,0.0053596115
LinearAcceleration,141287878,-0.019153614,0.08095395,0.010773907
Gyroscope,141287896,0.014214622,0.0070240875,0.0074901404
LinearAcceleration,141287897,0.015562311,-0.0016460137,0.011971008
Gyroscope,141287916,0.013149357,0.011285145,0.006424876
LinearAcceleration,141287917,0.047584757,0.0053869537,0.011971008
Gyroscope,141287936,0.0088883005,0.011285145,0.0053596115
LinearAcceleration,141287937,0.08424597,-0.022146367,0.023942016
Gyroscope,141287956,0.007823036,0.003828294,-0.0010319749
LinearAcceleration,141287958,0.1086369,-0.026934769,0.028580783
Gyroscope,141287977,-6.9907977E-4,-0.0036285568,3.3289514E-5
LinearAcceleration,141287978,0.08783727,0.05057751,0.043843817
Gyroscope,141287996,0.0014314491,-0.0068243505,0.004294347
LinearAcceleration,141287997,0.06344634,0.009726444,0.049679685
Gyroscope,141288016,0.0024967135,-0.005759086,0.0032290828
LinearAcceleration,141288018,0.022595279,0.0047884034,0.02558803
Gyroscope,141288036,3.6618466E-4,-0.0025632926,-0.0052930326
LinearAcceleration,141288037,0.019003976,0.03232172,-0.012719196
Gyroscope,141288056,0.0014314491,0.0016977652,-0.0084888255
LinearAcceleration,141288058,0.04504092,0.02498948,0.02184709
Gyroscope,141288076,0.004627242,0.0027630297,3.3289514E-5
LinearAcceleration,141288077,0.09711481,-0.03127426,0.025438393
Gyroscope,141288096,0.0014314491,-4.3276369E-4,3.3289514E-5
LinearAcceleration,141288097,0.10010756,-0.025288755,0.030226797
Gyroscope,141288116,-0.003894873,-0.0068243505,-0.012749883
LinearAcceleration,141288117,0.05551555,-0.020500353,0.005087679
Gyroscope,141288137,-0.009221195,-0.012150672,-0.026598321
LinearAcceleration,141288138,0.031573534,0.10010756,0.0070329676
Gyroscope,141288157,-0.003894873,-0.014281201,-0.020206735
LinearAcceleration,141288158,0.01436521,0.088136554,0.036810853
Gyroscope,141288176,0.0056925067,-0.014281201,-0.0052930326
LinearAcceleration,141288177,-0.030974984,0.063895255,0.038905777
Gyroscope,141288196,0.015279886,-0.0068243505,0.004294347
LinearAcceleration,141288197,-0.034267012,0.0028431145,0.046986207
Gyroscope,141288217,0.01847568,0.0027630297,0.0021638183
LinearAcceleration,141288218,-0.02813187,-0.03232172,0.01436521
Gyroscope,141288237,0.01634515,0.0080893515,-0.0031625037
LinearAcceleration,141288238,0.018405426,-0.10399814,-0.009277532
Gyroscope,141288257,0.004627242,0.0080893515,-0.0020972393
LinearAcceleration,141288258,0.05761048,-0.06299743,-0.036511578
Gyroscope,141288276,-0.0049601374,0.003828294,0.004294347
LinearAcceleration,141288278,0.081103586,-0.0199018,-0.0052373162
Gyroscope,141288296,-0.009221195,-0.0025632926,0.0074901404
LinearAcceleration,141288297,0.05207389,0.004040215,-0.017208325
Gyroscope,141288316,-0.011351724,-0.0046938215,3.3289514E-5
LinearAcceleration,141288318,0.06718729,0.13422494,0.0338181
Gyroscope,141288336,-0.0017643442,-0.005759086,-0.004227768
LinearAcceleration,141288337,0.06314707,0.08963293,0.017956512
Gyroscope,141288356,0.0088883005,-0.001498028,-0.004227768
LinearAcceleration,141288358,0.047285482,0.013018472,0.004638766
Gyroscope,141288377,0.0088883005,-0.0036285568,-0.012749883
LinearAcceleration,141288378,0.06254852,-0.0134673845,0.016609775
Gyroscope,141288397,0.006757771,-0.005759086,-0.00955409
LinearAcceleration,141288398,0.037110128,0.020051438,0.026036944
Gyroscope,141288416,0.006757771,-0.0046938215,-0.0010319749
LinearAcceleration,141288418,0.023792379,-0.054168813,0.017806875
Gyroscope,141288436,3.6618466E-4,-0.0046938215,-0.0031625037
LinearAcceleration,141288437,-0.006135142,0.0067336923,0.017657237
Gyroscope,141288457,0.0024967135,-0.001498028,-0.0052930326
LinearAcceleration,141288458,-0.005985504,0.022296004,0.036661215
Gyroscope,141288477,0.003561978,0.0027630297,-0.006358297
LinearAcceleration,141288478,0.03561375,-0.025737667,0.025737667
Gyroscope,141288497,0.0024967135,0.0027630297,-0.0084888255
LinearAcceleration,141288498,0.0104746325,0.032770637,0.026785132
Gyroscope,141288517,0.004627242,0.0016977652,-0.0010319749
LinearAcceleration,141288518,0.024690205,-0.0019452889,0.011222821
Gyroscope,141288536,0.004627242,0.0016977652,0.0053596115
LinearAcceleration,141288538,0.0067336923,0.042197805,0.026485857
Gyroscope,141288557,0.0056925067,0.0027630297,0.008555405
LinearAcceleration,141288558,-0.010025719,0.0863409,0.008230069
Gyroscope,141288583,0.012084093,0.01021988,0.006424876
LinearAcceleration,141288584,0.024540568,0.004938041,-0.007182605
Gyroscope,141288597,0.012084093,0.014480938,-0.0010319749
LinearAcceleration,141288598,0.04818331,0.010923545,0.004638766
Gyroscope,141288617,0.0110188285,0.015546203,-0.0020972393
LinearAcceleration,141288618,0.063296705,0.051475335,0.0032920274
Gyroscope,141288637,0.013149357,0.014480938,0.001098554
LinearAcceleration,141288638,0.10938509,0.0070329676,0.009277532
Gyroscope,141288657,0.013149357,0.011285145,0.001098554
LinearAcceleration,141288658,0.096815534,-0.04444237,0.017657237
Gyroscope,141288677,0.0056925067,0.005958823,-0.0031625037
LinearAcceleration,141288678,0.092775315,-0.049230773,0.027383681
Gyroscope,141288696,-6.9907977E-4,0.0016977652,-0.0052930326
LinearAcceleration,141288698,0.06838439,-0.008529344,0.018854339
Gyroscope,141288717,-0.0017643442,-4.3276369E-4,-0.0052930326
LinearAcceleration,141288718,0.084694885,0.027234044,0.022296004
Gyroscope,141288736,-6.9907977E-4,-0.001498028,-0.0010319749
LinearAcceleration,141288737,0.06628946,0.009127894,0.012719196
Gyroscope,141288757,3.6618466E-4,-0.0025632926,-0.0020972393
LinearAcceleration,141288758,0.011073183,-0.0016460137,0.017357962
Gyroscope,141288777,0.0024967135,-0.001498028,-0.004227768
LinearAcceleration,141288778,0.033668462,0.108337626,0.0026934769
Gyroscope,141288796,0.0088883005,0.0016977652,0.0021638183
LinearAcceleration,141288798,0.051325697,0.030376434,0.019303251
Gyroscope,141288817,0.013149357,0.0048935586,0.008555405
LinearAcceleration,141288818,0.077213004,-0.073621705,-0.0019452889
Gyroscope,141288836,0.007823036,0.0027630297,-0.0010319749
LinearAcceleration,141288838,0.06015432,-0.05327099,-0.008978256
Gyroscope,141288857,-0.0017643442,-0.0036285568,-0.015945677
LinearAcceleration,141288858,0.059705406,0.050876785,-0.0043394906
Gyroscope,141288877,-0.0017643442,-0.007889614,-0.013815148
LinearAcceleration,141288878,0.041449618,0.11043255,0.022894554
Gyroscope,141288897,0.007823036,-0.010020143,3.3289514E-5
LinearAcceleration,141288898,0.020949265,0.073023155,0.026186582
Gyroscope,141288917,0.015279886,-0.005759086,0.0074901404
LinearAcceleration,141288918,-0.023193829,0.03935469,0.03187281
Gyroscope,141288937,0.020606209,6.3250074E-4,0.0074901404
LinearAcceleration,141288938,0.011222821,-0.05626374,-0.008230069
Gyroscope,141288957,0.01847568,0.0070240875,0.004294347
LinearAcceleration,141288958,0.016759412,-0.118213706,0.0104746325
Gyroscope,141288977,0.0088883005,0.009154616,0.0021638183
LinearAcceleration,141288978,0.058358666,-0.058209028,-0.03232172
Gyroscope,141288997,0.003561978,0.0080893515,0.004294347
LinearAcceleration,141288998,0.04369418,-0.04623802,-0.0010474633
Gyroscope,141289017,0.0014314491,0.003828294,0.012816463
LinearAcceleration,141289018,0.08259996,0.07586627,-0.027533319
Gyroscope,141289037,0.0056925067,0.0016977652,0.014946992
LinearAcceleration,141289038,0.10354923,0.087687634,-0.022894554
Gyroscope,141289057,0.013149357,6.3250074E-4,0.011751198
LinearAcceleration,141289058,0.089782566,0.033668462,0.017657237
Gyroscope,141289077,0.01847568,0.003828294,0.012816463
LinearAcceleration,141289078,0.10399814,-0.04369418,0.025737667
Gyroscope,141289097,0.017410416,6.3250074E-4,0.004294347
LinearAcceleration,141289098,0.114173494,-0.05327099,0.013916298
Gyroscope,141289117,0.0110188285,-0.005759086,-0.0074235615
LinearAcceleration,141289118,0.09322423,-0.007631518,-0.026635494
Gyroscope,141289137,0.007823036,-0.011085408,0.004294347
LinearAcceleration,141289139,0.06404489,-0.020799628,0.0068833297
Gyroscope,141289157,0.004627242,-0.011085408,0.0053596115
LinearAcceleration,141289158,0.04818331,0.05207389,-0.013617022
Gyroscope,141289177,0.009953564,-0.007889614,0.0074901404
LinearAcceleration,141289178,0.034865562,0.014963761,-0.0028431145
Gyroscope,141289197,0.013149357,-0.005759086,0.001098554
LinearAcceleration,141289198,0.023942016,-0.06284779,0.022445641
Gyroscope,141289217,0.006757771,-0.0046938215,-0.010619354
LinearAcceleration,141289218,0.042796355,5.985504E-4,0.00808043
Gyroscope,141289237,0.0056925067,-0.0036285568,-0.012749883
LinearAcceleration,141289238,0.041449618,-0.06284779,0.029628245
Gyroscope,141289257,-6.9907977E-4,-0.0025632926,-0.0074235615
LinearAcceleration,141289258,0.023343466,-0.010175358,-0.0062847794
Gyroscope,141289277,-0.0028296087,-0.0036285568,3.3289514E-5
LinearAcceleration,141289278,-0.006584055,0.0688333,-0.0398036
Gyroscope,141289297,0.003561978,-4.3276369E-4,0.010685934
LinearAcceleration,141289298,0.0077811554,0.010175358,-0.015711948
Gyroscope,141289317,0.006757771,0.0070240875,0.009620669
LinearAcceleration,141289318,0.019602526,0.011522096,-0.053869538
Gyroscope,141289337,0.009953564,0.011285145,0.0053596115
LinearAcceleration,141289338,0.04444237,0.037858315,-0.023942016
Gyroscope,141289357,0.013149357,0.013415674,0.0074901404
LinearAcceleration,141289358,0.058508303,-0.062698156,0.012120646
Gyroscope,141289383,0.0088883005,0.011285145,0.011751198
LinearAcceleration,141289384,0.12719196,-0.021996727,-0.004638766
Gyroscope,141289397,0.003561978,0.005958823,0.009620669
LinearAcceleration,141289399,0.11207857,-0.07571663,-0.0067336923
Gyroscope,141289417,-0.0049601374,-4.3276369E-4,0.008555405
LinearAcceleration,141289418,0.11746552,0.0032920274,-0.0019452889
Gyroscope,141289437,-0.0049601374,-0.0036285568,0.0032290828
LinearAcceleration,141289438,0.11552023,-2.992752E-4,0.0016460137
Gyroscope,141289457,-0.003894873,-0.0036285568,-0.0031625037
LinearAcceleration,141289458,0.07317279,0.07855974,-0.0104746325
Gyroscope,141289477,3.6618466E-4,-4.3276369E-4,-0.0020972393
LinearAcceleration,141289478,0.07990648,-0.047135845,-0.017357962
Gyroscope,141289497,-0.0017643442,0.0016977652,-0.004227768
LinearAcceleration,141289498,0.09726445,0.08798691,-0.0020949265
Gyroscope,141289517,0.0024967135,0.0016977652,0.004294347
LinearAcceleration,141289518,0.09427169,-0.09142858,-5.985504E-4
Gyroscope,141289537,-0.0028296087,6.3250074E-4,0.004294347
LinearAcceleration,141289538,0.09487024,0.03187281,-0.018555064
Gyroscope,141289557,-0.0017643442,-4.3276369E-4,-0.0074235615
LinearAcceleration,141289558,0.08245032,-0.012419921,-0.0362123
Gyroscope,141289577,-0.003894873,-0.0025632926,-0.021272
LinearAcceleration,141289578,0.090979666,0.119261175,0.014215573
Gyroscope,141290237,0.004627242,-0.005759086,-0.015945677
LinearAcceleration,141290238,0.08933365,0.08903438,0.013916298
Gyroscope,141290245,0.014214622,-0.008954879,-0.00955409
LinearAcceleration,141290245,0.06254852,0.024241293,0.05312135
Gyroscope,141290246,0.020606209,-0.010020143,-0.004227768
LinearAcceleration,141290246,0.037110128,-0.06658874,0.01616086
Gyroscope,141290246,0.01634515,-0.0068243505,-0.004227768
LinearAcceleration,141290247,0.008379706,-0.120159,-0.049081136
Gyroscope,141290247,0.0056925067,-4.3276369E-4,-0.0074235615
LinearAcceleration,141290248,0.011971008,-0.11267712,-0.040252518
Gyroscope,141290248,-0.0070906663,0.003828294,-0.010619354
LinearAcceleration,141290248,0.04997896,-0.032172084,-0.08888474
Gyroscope,141290249,-0.0017643442,-0.0068243505,-0.021272
LinearAcceleration,141290249,0.033069912,0.008529344,-0.002992752
Gyroscope,141290250,-6.9907977E-4,-0.0025632926,0.0032290828
LinearAcceleration,141290250,0.10070611,-0.035763387,-0.006434417
Gyroscope,141290251,-0.0049601374,-0.005759086,-0.010619354
LinearAcceleration,141290251,0.07631518,0.0013467384,0.014963761
Gyroscope,141290251,-0.0070906663,-0.008954879,-0.024467792
LinearAcceleration,141290252,0.05117606,0.093373865,0.013766659
Gyroscope,141290256,0.0024967135,-0.010020143,-0.017010942
LinearAcceleration,141290256,0.034117375,0.12764087,0.046686932
Gyroscope,141290276,0.012084093,-0.008954879,-0.0052930326
LinearAcceleration,141290276,0.041150343,0.078410104,0.039055414
Gyroscope,141290296,0.019540945,-0.0068243505,-0.0010319749
LinearAcceleration,141290296,0.021098902,0.002244564,0.023942016
Gyroscope,141290316,0.019540945,-0.0025632926,-0.004227768
LinearAcceleration,141290316,7.48188E-4,-0.09561843,0.018255789
Gyroscope,141290336,0.014214622,-0.001498028,-0.0052930326
LinearAcceleration,141290336,-0.004040215,0.0947206,-0.07032967
Gyroscope,141290357,0.025932532,6.3250074E-4,0.010685934
LinearAcceleration,141290358,0.01062427,-0.117016606,-0.035314474
Gyroscope,141290378,0.0110188285,-0.0025632926,0.01920805
LinearAcceleration,141290379,0.021547815,0.05641338,-0.04189853
Gyroscope,141290397,0.012084093,-0.0046938215,0.035187017
LinearAcceleration,141290398,0.0028431145,0.07855974,-0.035314474
Gyroscope,141290417,0.01847568,-0.001498028,0.03625228
LinearAcceleration,141290419,0.012120646,0.06823475,-0.05955577
Gyroscope,141290437,0.023802003,0.0080893515,0.037317544
LinearAcceleration,141290438,0.016609775,0.09636662,-0.033369187
Gyroscope,141290457,0.033389382,0.018741995,0.042643867
LinearAcceleration,141290458,0.103249945,-0.0676362,-0.032172084
Gyroscope,141290477,0.023802003,0.020872524,0.03412175
LinearAcceleration,141290478,0.16819267,-0.14410101,0.04129998
Gyroscope,141290497,0.006757771,0.015546203,0.01920805
LinearAcceleration,141290499,0.18510172,0.047285482,0.001496376
Gyroscope,141290517,0.0088883005,0.0080893515,0.010685934
LinearAcceleration,141290519,0.19707273,-0.006584055,0.03007716
Gyroscope,141290537,0.0088883005,-0.0025632926,-0.006358297
LinearAcceleration,141290538,0.16849194,0.007631518,0.029927522
Gyroscope,141290557,0.0088883005,-0.010020143,-0.020206735
LinearAcceleration,141290559,0.13272856,-0.053570263,0.02439093
Gyroscope,141290577,0.0088883005,-0.014281201,-0.029794114
LinearAcceleration,141290578,0.09247604,-0.007631518,-0.029927522
Gyroscope,141290597,0.009953564,-0.016411731,-0.035120435
LinearAcceleration,141290598,0.06254852,-0.040252518,-0.043993454
Gyroscope,141290617,0.0110188285,-0.019607523,-0.031924643
LinearAcceleration,141290618,0.011073183,-0.102052845,-0.052223526
Gyroscope,141290637,-0.006025402,-0.020672787,-0.0361857
LinearAcceleration,141290639,-0.029029695,-0.020350715,-0.027682956
Gyroscope,141290657,-0.011351724,-0.018542258,-0.032989908
LinearAcceleration,141290659,-0.056114104,-0.06838439,-0.006135142
Gyroscope,141290677,-0.01774331,-0.015346466,-0.0361857
LinearAcceleration,141290678,-0.03232172,0.07092822,-5.985504E-4
Gyroscope,141290698,-0.009221195,-0.011085408,-0.02872885
LinearAcceleration,141290699,0.04070143,0.13123219,0.022296004
Gyroscope,141290718,0.0088883005,-0.010020143,-0.010619354
LinearAcceleration,141290719,0.03561375,0.073621705,0.002992752
Gyroscope,141290738,0.019540945,-0.013215937,-0.0010319749
LinearAcceleration,141290739,0.07272387,-0.1273416,0.036810853
Gyroscope,141290758,0.0110188285,-0.021738052,-0.012749883
LinearAcceleration,141290759,0.057909753,-0.06479308,0.025438393
Gyroscope,141290778,-0.0017643442,-0.024933845,-0.014880412
LinearAcceleration,141290779,0.052223526,-0.023193829,0.03067571
Gyroscope,141290798,-0.015612782,-0.023868581,-0.012749883
LinearAcceleration,141290799,0.040402155,-0.049829323,0.023193829
Gyroscope,141290818,-0.024134897,-0.020672787,-0.017010942
LinearAcceleration,141290819,0.015113398,0.016759412,0.033668462
Gyroscope,141290837,-0.019873839,-0.020672787,-0.018076206
LinearAcceleration,141290839,-1.496376E-4,0.075417355,5.985504E-4
Gyroscope,141290857,-0.01774331,-0.017476995,-0.0074235615
LinearAcceleration,141290859,-0.029029695,0.14993688,-0.06060323
Gyroscope,141290878,-0.0070906663,-0.0036285568,0.012816463
LinearAcceleration,141290879,-0.03007716,0.060303956,-0.112976395
Gyroscope,141290898,-0.0017643442,0.012350409,0.021338578
LinearAcceleration,141290899,0.03606266,-0.004638766,-0.019452889
Gyroscope,141290918,0.003561978,0.015546203,0.016012255
LinearAcceleration,141290919,0.028580783,0.17971477,-0.09127894
Gyroscope,141290937,0.01847568,0.01980726,0.022403842
LinearAcceleration,141290938,-0.07152677,0.21458033,-0.2136825
Gyroscope,141290957,0.04723782,0.042177815,0.01707752
LinearAcceleration,141290958,-0.08544307,0.087089084,-0.20635025
Gyroscope,141290978,0.07067364,0.07307048,0.006424876
LinearAcceleration,141290979,0.13003507,-0.027832596,0.024091655
Gyroscope,141290998,0.069608375,0.07946207,0.0021638183
LinearAcceleration,141290999,0.3067571,-0.080056116,0.10399814
Gyroscope,141291018,0.057890464,0.05069993,-0.0031625037
LinearAcceleration,141291019,0.41524437,-0.089782566,0.14170681
Gyroscope,141291038,0.04510729,0.0016977652,-0.0052930326
LinearAcceleration,141291039,0.38741177,-0.042945992,0.09801263
Gyroscope,141291058,0.038715705,-0.0473044,-0.0020972393
LinearAcceleration,141291059,0.29583356,-0.01690905,0.045938745
Gyroscope,141291078,0.03765044,-0.08884971,0.0053596115
LinearAcceleration,141291079,0.22340895,0.09142858,0.0011971008
Gyroscope,141291098,0.039780967,-0.116546586,0.018142784
LinearAcceleration,141291099,0.07990648,0.12060791,-0.07975684
Gyroscope,141291117,0.042976763,-0.1250687,0.022403842
LinearAcceleration,141291118,-0.052822076,0.018405426,-0.11088146
Gyroscope,141291138,0.039780967,-0.10695921,0.014946992
LinearAcceleration,141291139,-0.1515829,0.011671733,-0.20994157
Gyroscope,141291158,0.042976763,-0.06754442,0.0053596115
LinearAcceleration,141291159,0.008828619,0.015412673,-0.14978725
Gyroscope,141291178,0.05149888,-0.04304334,0.001098554
LinearAcceleration,141291179,0.15442601,-0.034566287,0.049230773
Gyroscope,141291198,0.049368348,-0.048369665,-0.0031625037
LinearAcceleration,141291199,0.2605191,-0.14634559,0.045789108
Gyroscope,141291218,0.030193588,-0.069674954,-0.010619354
LinearAcceleration,141291219,0.23537995,-0.05327099,0.02633622
Gyroscope,141291238,0.024867266,-0.101632886,-0.013815148
LinearAcceleration,141291239,0.17627311,-0.13242929,0.010175358
Gyroscope,141291258,0.019540945,-0.13678661,-0.037250966
LinearAcceleration,141291259,0.06180033,-0.21996728,-0.040102877
Gyroscope,141291278,-0.0049601374,-0.15596136,-0.052164666
LinearAcceleration,141291279,-0.039653964,-0.23627777,-0.07272387
Gyroscope,141291298,-0.04437492,-0.16022243,-0.059621517
LinearAcceleration,141291299,-0.08828619,-0.10459669,-0.17492636
Gyroscope,141291318,-0.06354968,-0.15596136,-0.058556255
LinearAcceleration,141291319,-0.08888474,0.058209028,-0.24166474
Gyroscope,141291338,-0.05822336,-0.14850453,-0.04364255
LinearAcceleration,141291339,-0.11327567,-0.121056825,-0.21832126
Gyroscope,141291358,-0.0720718,-0.14424346,-0.054295197
LinearAcceleration,141291359,-0.054019175,-0.1316811,-0.21757308
Gyroscope,141291378,-0.097638145,-0.14211293,-0.05749099
LinearAcceleration,141291379,0.02633622,-0.20530279,-0.12360066
Gyroscope,141291398,-0.12107396,-0.15063505,-0.061752047
LinearAcceleration,141291399,-0.0013467384,-0.09591771,-0.19407998
Gyroscope,141291418,-0.14344451,-0.15063505,-0.05322993
LinearAcceleration,141291419,0.044143096,-0.1842039,-0.1225532
Gyroscope,141291438,-0.17646772,-0.14850453,-0.046838347
LinearAcceleration,141291439,0.10594343,-0.18570027,-0.081103586
Gyroscope,141291458,-0.20949091,-0.15170032,-0.058556255
LinearAcceleration,141291459,0.100257196,-0.010773907,-0.19363107
Gyroscope,141291478,-0.21481723,-0.14850453,-0.06281731
LinearAcceleration,141291479,0.15472528,-0.08065467,-0.13946225
Gyroscope,141291498,-0.2276004,-0.15063505,-0.066013105
LinearAcceleration,141291499,0.25094226,-0.21218613,-0.0047884034
Gyroscope,141291518,-0.25636253,-0.16661401,-0.08305734
LinearAcceleration,141291519,0.28909984,0.06254852,-0.011073183
Gyroscope,141291538,-0.24357937,-0.18365824,-0.096905775
LinearAcceleration,141291539,0.22610243,0.09142858,-0.040851068
Gyroscope,141291558,-0.23292673,-0.18152772,-0.1022321
LinearAcceleration,141291559,0.22864626,-0.10564415,-0.020350715
Gyroscope,141291578,-0.25103623,-0.18365824,-0.12566791
LinearAcceleration,141291579,0.24256256,0.21039048,-0.063296705
Gyroscope,141291598,-0.2457099,-0.19004983,-0.13419002
LinearAcceleration,141291599,0.1782184,0.3477578,-0.115969144
Gyroscope,141291618,-0.21907829,-0.18152772,-0.13312477
LinearAcceleration,141291619,0.10339958,0.3820248,-0.17298107
Gyroscope,141291638,-0.17007612,-0.1612877,-0.13312477
LinearAcceleration,141291639,0.06928221,-0.018555064,-0.09083003
Gyroscope,141291658,-0.1498361,-0.13785188,-0.15336479
LinearAcceleration,141291659,0.1643021,-0.3369839,0.13572131
Gyroscope,141291678,-0.17540245,-0.12932976,-0.18106167
LinearAcceleration,141291679,0.34042555,-0.2901473,0.25258827
Gyroscope,141291699,-0.197773,-0.15596136,-0.23006383
LinearAcceleration,141291700,0.38172552,0.01810615,0.17402853
Gyroscope,141291718,-0.17859824,-0.19004983,-0.26734808
LinearAcceleration,141291719,0.21353287,0.13242929,0.09531915
Gyroscope,141291738,-0.16368453,-0.1996372,-0.26734808
LinearAcceleration,141291739,0.21158758,-0.21891981,0.27383682
Gyroscope,141291770,-0.19990353,-0.20496354,-0.28865337
LinearAcceleration,141291771,0.1592144,-0.39579147,0.3031658
Gyroscope,141291778,-0.25316674,-0.20815933,-0.33659026
LinearAcceleration,141291779,0.12210429,-0.081702136,0.17133506
Gyroscope,141291805,-0.26594993,-0.20389827,-0.35150397
LinearAcceleration,141291806,0.1563713,0.11252748,0.19168578
Gyroscope,141291818,-0.25316674,-0.21135512,-0.35896084
LinearAcceleration,141291819,0.1539771,-0.107739076,0.33518824
Gyroscope,141291837,-0.2606236,-0.22733408,-0.38985348
LinearAcceleration,141291837,0.0863409,0.018854339,0.33713353
Gyroscope,141291857,-0.26914573,-0.23372567,-0.3951798
LinearAcceleration,141291858,0.06000468,0.10055647,0.39010525
Gyroscope,141291877,-0.24677517,-0.24011727,-0.38878822
LinearAcceleration,141291878,0.029777884,0.12554595,0.35793316
Gyroscope,141291896,-0.20416458,-0.24863937,-0.40796298
LinearAcceleration,141291897,0.054168813,0.37544075,0.26949733
Gyroscope,141291917,-0.13705292,-0.24863937,-0.39091876
LinearAcceleration,141291917,0.07466917,0.2184709,0.3465607
Gyroscope,141291938,-0.10722552,-0.23479094,-0.36322188
LinearAcceleration,141291939,0.006135142,0.10788871,0.31887773
Gyroscope,141291958,-0.112551846,-0.21242039,-0.32593763
LinearAcceleration,141291959,0.022146367,-0.12539631,0.3652654
Gyroscope,141291978,-0.13385713,-0.20815933,-0.31635025
LinearAcceleration,141291979,0.058957215,-0.087687634,0.3446154
Gyroscope,141291998,-0.12533502,-0.22733408,-0.33339447
LinearAcceleration,141291999,-0.0028431145,0.104895964,0.1842039
Gyroscope,141292018,-0.08805076,-0.2475741,-0.335525
LinearAcceleration,141292019,-0.08080431,0.35419223,0.044891283
Gyroscope,141292038,-0.05076651,-0.2560962,-0.3025018
LinearAcceleration,141292039,-0.16175826,0.27159226,-0.027084406
Gyroscope,141292058,-0.033722278,-0.25290042,-0.26947862
LinearAcceleration,141292059,-0.16086042,0.1400608,-0.06075287
Gyroscope,141292078,-0.016678046,-0.24863937,-0.2396512
LinearAcceleration,141292079,-0.10459669,-0.053420626,-0.0025438394
Gyroscope,141292098,-0.015612782,-0.25503096,-0.23219435
LinearAcceleration,141292099,-0.09531915,-0.16370355,-0.0013467384
Gyroscope,141292118,-0.035852805,-0.25183517,-0.23539014
LinearAcceleration,141292119,-0.1539771,-0.20231004,-0.031573534
Gyroscope,141292138,-0.066745475,-0.22733408,-0.20662801
LinearAcceleration,141292139,-0.118213706,-0.40581718,0.039653964
Gyroscope,141292158,-0.11894343,-0.20815933,-0.1917143
LinearAcceleration,141292159,-0.10534488,-0.3648165,-0.038307227
Gyroscope,141292178,-0.16155401,-0.19218037,-0.1831922
LinearAcceleration,141292179,-0.095169514,-0.2621651,-0.040851068
Gyroscope,141292199,-0.18818562,-0.18365824,-0.15762584
LinearAcceleration,141292200,-0.0398036,-0.22580315,-0.011372458
Gyroscope,141292218,-0.22014356,-0.19004983,-0.150169
LinearAcceleration,141292219,-0.018405426,-0.07287352,-0.08095395
Gyroscope,141292238,-0.23931831,-0.19857195,-0.12566791
LinearAcceleration,141292239,2.992752E-4,-0.08783727,-0.09651626
Gyroscope,141292258,-0.26275414,-0.21881197,-0.0990363
LinearAcceleration,141292259,0.026485857,-0.17328034,-0.13631986
Gyroscope,141292278,-0.30110365,-0.24650885,-0.08625313
LinearAcceleration,141292279,-0.007930793,-0.2100912,-0.14829087
Gyroscope,141292298,-0.35756266,-0.2720752,-0.06494784
LinearAcceleration,141292299,-0.0350152,-0.23732524,-0.10803835
Gyroscope,141292318,-0.41295642,-0.29977205,-0.04257729
LinearAcceleration,141292319,-0.05327099,-0.2769792,-0.17806876
Gyroscope,141292338,-0.45024067,-0.3168163,-0.019141471
LinearAcceleration,141292340,-0.14544775,0.0851438,-0.43185413
Gyroscope,141292358,-0.4438491,-0.31042472,0.042643867
LinearAcceleration,141292359,-0.014514848,-0.10729016,-0.26605567
Gyroscope,141292378,-0.44917542,-0.32107735,0.058622833
LinearAcceleration,141292379,-0.034865562,-0.30466217,-0.16998832
Gyroscope,141292398,-0.47154596,-0.34238264,0.018142784
LinearAcceleration,141292399,-0.26605567,0.043843817,-0.42078096
Gyroscope,141292419,-0.455567,-0.32853422,0.025599636
LinearAcceleration,141292420,-0.43424833,-0.110133275,-0.48991352
Gyroscope,141292438,-0.45024067,-0.2742057,0.0596881
LinearAcceleration,141292439,-0.41524437,-0.3585317,-0.34207156
Gyroscope,141292458,-0.49924284,-0.21881197,0.06607968
LinearAcceleration,141292460,-0.35000235,-0.29493573,-0.262614
Gyroscope,141292478,-0.55783236,-0.17939718,0.070340745
LinearAcceleration,141292480,-0.5161001,0.037259765,-0.39504328
Gyroscope,141292498,-0.5897903,-0.12932976,0.11934291
LinearAcceleration,141292500,-0.41120413,-0.10998364,-0.37738603
Gyroscope,141292519,-0.6153567,-0.08352339,0.16727981
LinearAcceleration,141292520,-0.29493573,0.2323872,-0.3528455
Gyroscope,141292538,-0.60363877,-0.061152834,0.20456406
LinearAcceleration,141292539,-0.37394437,0.81672204,-0.40611646
Gyroscope,141292558,-0.552506,-0.05263072,0.25889254
LinearAcceleration,141292559,-0.5621885,1.1432313,-0.46731824
Gyroscope,141292578,-0.5066997,-0.014281201,0.31641683
LinearAcceleration,141292579,-0.69940615,1.3735236,-0.6890812
Gyroscope,141292598,-0.4225438,0.07093995,0.43466118
LinearAcceleration,141292599,-0.5882254,0.9992799,-0.59465986
Gyroscope,141292618,-0.35117108,0.15083478,0.5571666
LinearAcceleration,141292620,-0.39983168,0.6295254,-0.47973818
Gyroscope,141292638,-0.3533016,0.21262012,0.6658236
LinearAcceleration,141292639,-0.28386253,0.8939351,-0.5705682
Gyroscope,141292658,-0.3564974,0.24670859,0.7585016
LinearAcceleration,141292659,0.06584055,0.68219787,-0.3648165
Gyroscope,141292678,-0.3618237,0.2136854,0.78619844
LinearAcceleration,141292679,0.5020342,0.5222353,-0.15008652
Gyroscope,141292699,-0.35117108,0.12313791,0.756371
LinearAcceleration,141292700,0.40731356,0.42661682,-0.1062427
Gyroscope,141292722,-0.35010582,0.07093995,0.7787416
LinearAcceleration,141292724,0.2184709,-0.043993454,-0.16624738
Gyroscope,141293416,-0.39058587,0.07413574,0.77021945
LinearAcceleration,141293416,0.28446108,0.24450785,-0.2688988
Gyroscope,141293417,-0.38845533,0.076266274,0.7126952
LinearAcceleration,141293417,0.6193501,-0.061650693,0.09307459
Gyroscope,141293418,-0.39165112,0.023003053,0.5177518
LinearAcceleration,141293418,0.41674075,-0.85218614,0.3573346
Gyroscope,141293419,-0.40336904,0.037916757,0.16408402
LinearAcceleration,141293419,-0.823755,-0.018854339,-0.89064306
Gyroscope,141293420,-0.22333935,0.25310016,-0.10649315
LinearAcceleration,141293421,-0.3458125,0.13991116,-0.6349124
Gyroscope,141293421,-0.05609283,0.4075635,-0.34404713
LinearAcceleration,141293422,0.80549926,-0.16639702,0.16699557
Gyroscope,141293422,-0.16261928,-0.29764155,-0.3323292
LinearAcceleration,141293423,-1.1134534,-0.599149,0.51789576
Gyroscope,141293423,-0.14131398,-0.24331306,-0.40902826
LinearAcceleration,141293423,-1.3621511,-1.0675147,0.41748893
Gyroscope,141293424,0.05149888,0.49598047,-0.13312477
LinearAcceleration,141293424,-2.5893292,-0.23927054,0.68818337
Gyroscope,141293425,0.08878313,0.52793837,-0.06494784
LinearAcceleration,141293425,-1.9644425,-0.4237737,1.0513538
Gyroscope,141293426,0.11754527,0.49384993,-0.0020972393
LinearAcceleration,141293426,-2.1603181,-0.80101013,1.1248258
Gyroscope,141293437,0.113284215,0.47893623,0.027730165
LinearAcceleration,141293438,-2.8006175,-0.4357447,0.48751932
Gyroscope,141293457,0.17506956,0.5226121,0.124669224
LinearAcceleration,141293458,-2.6131215,-1.2436382,0.6302736
Gyroscope,141293477,0.16548218,0.53432995,0.10975552
LinearAcceleration,141293477,-2.4034793,-1.0224738,0.48033673
Gyroscope,141293497,0.17720008,0.54178685,0.11721238
LinearAcceleration,141293498,-2.0341737,-0.8631097,0.4487632
Gyroscope,141293517,0.21981065,0.5396563,0.17899771
LinearAcceleration,141293518,-1.7221792,-1.5278,0.68698627
Gyroscope,141293539,0.20702748,0.50556785,0.19604194
LinearAcceleration,141293540,-1.9749172,-1.8116626,0.6362591
Gyroscope,141293558,0.1495032,0.5194163,0.20989038
LinearAcceleration,141293559,-2.347814,-1.3578117,0.24944589
Gyroscope,141293579,0.15163374,0.5897237,0.2812631
LinearAcceleration,141293580,-1.9768624,-1.565359,0.588824
Gyroscope,141293599,0.14843795,0.61848587,0.30363366
LinearAcceleration,141293600,-1.6853683,-2.1842601,0.7884405
Gyroscope,141293619,0.07706522,0.6174206,0.28339362
LinearAcceleration,141293620,-1.7663223,-1.6885108,0.70838445
Gyroscope,141293639,0.04723782,0.63659537,0.2748715
LinearAcceleration,141293640,-2.1538837,-1.0271125,0.60782796
Gyroscope,141293659,0.049368348,0.6887933,0.25782728
LinearAcceleration,141293660,-2.1151276,-0.8653543,0.72529346
Gyroscope,141293678,0.05149888,0.7164902,0.18325877
LinearAcceleration,141293679,-2.0346224,-0.62249243,0.80909055
Gyroscope,141293699,0.069608375,0.7164902,0.10655973
LinearAcceleration,141293700,-2.1773767,-0.5734113,1.0772412
Gyroscope,141293719,0.09091366,0.7100986,0.07566706
LinearAcceleration,141293720,-2.1051018,-1.2520179,1.2752117
Gyroscope,141293739,-6.9907977E-4,0.70796806,0.030925957
LinearAcceleration,141293740,-1.6314988,-0.97144735,1.1751041
Gyroscope,141293759,-0.095507614,0.68985856,0.054361776
LinearAcceleration,141293760,-0.88510644,-0.76779056,1.4453497
Gyroscope,141293779,-0.15835822,0.58439744,0.008555405
LinearAcceleration,141293780,-0.6522703,-0.058358666,1.1507132
Gyroscope,141293799,-0.15303189,0.46295726,0.018142784
LinearAcceleration,141293800,-0.5283704,0.059106853,1.0437223
Gyroscope,141293819,-0.108290784,0.3361908,0.05542704
LinearAcceleration,141293820,-0.7000047,-0.42916065,1.0630256
Gyroscope,141293839,-0.10722552,0.21581592,0.06075336
LinearAcceleration,141293840,-0.8747814,-0.56308633,1.0500071
Gyroscope,141293859,-0.10616026,0.093310505,0.05329651
LinearAcceleration,141293860,-0.82809454,-0.51445407,0.95124626
Gyroscope,141293880,-0.08272444,-0.044108607,0.021338578
LinearAcceleration,141293881,-0.9711481,-0.009726444,0.65032506
Gyroscope,141293899,0.006757771,-0.15383084,0.06394915
LinearAcceleration,141293900,-1.1963527,-0.06539164,0.5126584
Gyroscope,141293918,0.09091366,-0.23479094,0.1342566
LinearAcceleration,141293920,-1.3280338,-0.3163339,0.53929394
Gyroscope,141293939,0.14311162,-0.32533842,0.21308617
LinearAcceleration,141293940,-1.2984055,-0.65391636,0.6621464
Gyroscope,141293957,0.13885055,-0.44038698,0.24610937
LinearAcceleration,141293958,-1.6382325,-0.42272624,0.272939
Gyroscope,141293978,0.12180633,-0.5021723,0.33026525
LinearAcceleration,141293978,-1.9205986,-0.19288288,0.042197805
Gyroscope,141293998,0.10156631,-0.49471545,0.4431833
LinearAcceleration,141293998,-2.1230583,-0.14260463,-0.047734395
Gyroscope,141294017,0.09091366,-0.44038698,0.5592971
LinearAcceleration,141294018,-2.116175,-0.3477578,-0.036661215
Gyroscope,141294037,0.080261014,-0.3796669,0.6168214
LinearAcceleration,141294038,-1.9686323,-0.599149,-0.02124854
Gyroscope,141294059,0.04510729,-0.31894684,0.6285393
LinearAcceleration,141294060,-1.7126024,-0.29418755,-0.19288288
Gyroscope,141294079,0.021671474,-0.2571615,0.6391919
LinearAcceleration,141294080,-1.4890438,0.17806876,-0.2688988
Gyroscope,141294099,0.05256414,-0.19644141,0.6700846
LinearAcceleration,141294100,-1.2250831,0.031423897,-0.30900165
Gyroscope,141294119,0.07280417,-0.15063505,0.6839331
LinearAcceleration,141294120,-0.89109194,-0.40761283,-0.1846528
Gyroscope,141294139,0.046172556,-0.11867712,0.6732804
LinearAcceleration,141294140,-0.6380547,-0.65870476,-0.19961657
Gyroscope,141294159,0.007823036,-0.10376342,0.65090984
LinearAcceleration,141294160,-0.51804537,-0.791134,-0.1858499
Gyroscope,141294179,-0.019873839,-0.099502355,0.5933856
LinearAcceleration,141294180,-0.6477812,-0.4906617,-0.14709377
Gyroscope,141294199,0.006757771,-0.09630656,0.52733916
LinearAcceleration,141294200,-0.7739257,-0.55934536,-0.06988076
Gyroscope,141294219,0.038715705,-0.09098024,0.43040013
LinearAcceleration,141294220,-0.9454104,-0.7790134,-0.12764087
Gyroscope,141294239,0.03551991,-0.07819707,0.31002524
LinearAcceleration,141294240,-1.0506057,-0.95244336,-0.11686697
Gyroscope,141294259,-0.028395955,-0.046239134,0.2120209
LinearAcceleration,141294260,-0.9573814,-0.70643914,-0.22475569
Gyroscope,141294279,-0.09976867,-0.0068243505,0.17260613
LinearAcceleration,141294280,-0.7091326,-0.17851767,-0.30585927
Gyroscope,141294299,-0.112551846,0.03898202,0.22906514
LinearAcceleration,141294300,-0.5445312,0.2124854,-0.3326444
Gyroscope,141294319,-0.07739812,0.0815926,0.33772212
LinearAcceleration,141294320,-0.27204117,0.21113867,-0.17582418
Gyroscope,141294339,-0.035852805,0.08798418,0.4133559
LinearAcceleration,141294340,-0.06778584,-0.32770637,0.09083003
Gyroscope,141294359,-0.042244393,0.05069993,0.40057272
LinearAcceleration,141294360,-0.054468088,-0.5844845,0.16415246
Gyroscope,141294380,-0.068876006,0.003828294,0.3260042
LinearAcceleration,141294381,-0.36706105,-0.25573066,-0.030526072
Gyroscope,141294399,-0.04863598,-0.001498028,0.27593678
LinearAcceleration,141294400,-0.54168814,-0.11432313,-0.12868834
Gyroscope,141294419,3.6618466E-4,0.020872524,0.23545673
LinearAcceleration,141294420,-0.43394905,-0.23014264,-0.10220248
Gyroscope,141294439,0.025932532,0.03152517,0.17686719
LinearAcceleration,141294440,-0.28820202,-0.5431845,0.052971713
Gyroscope,141294459,0.0088883005,0.0080893515,0.095907085
LinearAcceleration,141294460,-0.10938509,-0.7589619,0.20171149
Gyroscope,141294479,-0.052897036,-0.046239134,-0.013815148
LinearAcceleration,141294480,-0.24555531,-0.2861071,0.11611878
Gyroscope,141294499,-0.0720718,-0.0771318,-0.052164666
LinearAcceleration,141294500,-0.37813422,0.09726445,0.09292495
Gyroscope,141294519,-0.042244393,-0.085653916,-0.031924643
LinearAcceleration,141294520,-0.39848495,-0.10534488,0.13631986
Gyroscope,141294539,-0.024134897,-0.099502355,-0.034055173
LinearAcceleration,141294540,-0.36900634,-0.28565818,0.1719336
Gyroscope,141294559,-0.031591747,-0.12293817,-0.07027416
LinearAcceleration,141294560,-0.51565117,-0.4623802,0.1937807
Gyroscope,141294579,-0.06781074,-0.13785188,-0.124602646
LinearAcceleration,141294580,-0.6757634,-0.21936873,0.080505036
Gyroscope,141294599,-0.081659175,-0.1282645,-0.14058161
LinearAcceleration,141294600,-0.5960066,-0.1213561,0.045190558
Gyroscope,141294619,-0.07846338,-0.11867712,-0.13845108
LinearAcceleration,141294620,-0.46372694,-0.229993,-0.023044191
Gyroscope,141294639,-0.079528645,-0.10695921,-0.13525529
LinearAcceleration,141294640,-0.4753987,-0.019752163,-0.19692309
Gyroscope,141294659,-0.0539623,-0.08352339,-0.110754214
LinearAcceleration,141294660,-0.4499603,-0.077213004,-0.21158758
Gyroscope,141294679,-0.01774331,-0.057957042,-0.0990363
LinearAcceleration,141294680,-0.4201824,-0.38112697,-0.20784664
Gyroscope,141294699,-0.0028296087,-0.03771702,-0.1171458
LinearAcceleration,141294700,-0.36317047,-0.54887074,-0.17567454
Gyroscope,141294719,-0.01028646,-0.023868581,-0.13419002
LinearAcceleration,141294720,-0.12808979,-0.58194065,-0.12749124
Gyroscope,141294739,-0.05183177,-0.034521226,-0.1618869
LinearAcceleration,141294740,0.033069912,-0.51909286,-0.13302784
Gyroscope,141294759,-0.10083394,-0.068609685,-0.20769328
LinearAcceleration,141294760,0.028580783,-0.3043629,-0.22565351
Gyroscope,141294779,-0.10935605,-0.10908973,-0.24923858
LinearAcceleration,141294780,-0.12569559,-0.02498948,-0.42063132
Gyroscope,141294799,-0.07420233,-0.1282645,-0.26202175
LinearAcceleration,141294800,-0.22610243,0.08454525,-0.5484218
Gyroscope,141294819,-0.022004368,-0.12187291,-0.24710806
LinearAcceleration,141294820,-0.25378537,-0.09501988,-0.49559975
Gyroscope,141294839,3.6618466E-4,-0.110155,-0.25136912
LinearAcceleration,141294840,-0.2928408,-0.23253684,-0.45070848
Gyroscope,141294859,0.0024967135,-0.10269815,-0.26734808
LinearAcceleration,141294860,-0.2486977,-0.26276365,-0.41913494
Gyroscope,141294880,-0.003894873,-0.10482868,-0.2822618
LinearAcceleration,141294881,-0.20934302,-0.11282676,-0.47899
Gyroscope,141294899,0.012084093,-0.10589394,-0.2577607
LinearAcceleration,141294900,-0.17328034,-0.057909753,-0.45669398
Gyroscope,141294919,0.03765044,-0.11335079,-0.22047645
LinearAcceleration,141294920,-0.0899322,-0.2527379,-0.33952773
Gyroscope,141294939,0.044042025,-0.13678661,-0.21408486
LinearAcceleration,141294940,-0.13946225,-0.3585317,-0.28909984
Gyroscope,141294959,0.01847568,-0.15489611,-0.2311291
LinearAcceleration,141294960,-0.1925836,-0.50487727,-0.18166006
Gyroscope,141294979,-0.030526483,-0.1612877,-0.242847
LinearAcceleration,141294980,-0.2546832,-0.56772506,-0.21921909
Gyroscope,141294999,-0.08485497,-0.15702663,-0.24817333
LinearAcceleration,141295000,-0.34012628,-0.18255788,-0.3669114
Gyroscope,141295019,-0.09444235,-0.1431782,-0.23645541
LinearAcceleration,141295020,-0.26755205,-0.32755673,-0.27114335
Gyroscope,141295039,-0.11468238,-0.13785188,-0.24710806
LinearAcceleration,141295040,-0.27114335,-0.49006316,-0.25528175
Gyroscope,141295059,-0.16155401,-0.13252555,-0.2811965
LinearAcceleration,141295060,-0.30047232,-0.25737667,-0.24690205
Gyroscope,141295079,-0.17220666,-0.1282645,-0.31954604
LinearAcceleration,141295081,-0.33488896,0.07032967,-0.274585
Gyroscope,141295099,-0.14877084,-0.12293817,-0.335525
LinearAcceleration,141295100,-0.2861071,0.057311203,-0.20485388
Gyroscope,141295119,-0.112551846,-0.11867712,-0.34085134
LinearAcceleration,141295120,-0.29269117,-0.14963761,-0.17492636
Gyroscope,141295139,-0.09444235,-0.10908973,-0.33978605
LinearAcceleration,141295140,-0.34192193,-0.1683423,-0.1794155
Gyroscope,141295159,-0.07846338,-0.08778445,-0.32806817
LinearAcceleration,141295160,-0.3923498,-0.24854806,-0.13976152
Gyroscope,141295179,-0.06994127,-0.068609685,-0.33126396
LinearAcceleration,141295180,-0.37858313,-0.42916065,-0.09696517
Gyroscope,141295199,-0.081659175,-0.061152834,-0.36748293
LinearAcceleration,141295200,-0.32830492,-0.29538465,-0.1707365
Gyroscope,141295219,-0.07846338,-0.057957042,-0.38985348
LinearAcceleration,141295220,-0.19228433,-0.27204117,-0.15427637
Gyroscope,141295239,-0.0720718,-0.061152834,-0.39304927
LinearAcceleration,141295240,-0.04309563,-0.30166942,-0.0037409402
Gyroscope,141295259,-0.07739812,-0.08139286,-0.4047672
LinearAcceleration,141295261,0.099060096,-0.40177697,0.095768064
Gyroscope,141295279,-0.079528645,-0.13359082,-0.44737777
LinearAcceleration,141295280,0.16594811,-0.504578,0.090381116
Gyroscope,141295299,-0.080593914,-0.2060288,-0.51555467
LinearAcceleration,141295300,0.010025719,-0.21472996,-0.04504092
Gyroscope,141295319,-0.06141915,-0.2624878,-0.5528389
LinearAcceleration,141295320,-0.28386253,0.07152677,-0.19093758
Gyroscope,141295339,-0.03691807,-0.2742057,-0.5240768
LinearAcceleration,141295340,-0.50502694,-0.008678981,-0.19722237
Gyroscope,141295359,-0.04437492,-0.24863937,-0.4548346
LinearAcceleration,141295360,-0.38172552,-0.17178397,-0.023792379
Gyroscope,141295380,-0.09018129,-0.24331306,-0.37600505
LinearAcceleration,141295381,-0.16879122,-0.0026934769,0.15113398
Gyroscope,141295400,-0.12959607,-0.29124996,-0.2939797
LinearAcceleration,141295401,-0.038007952,-0.018704701,0.18644845
Gyroscope,141295420,-0.15729295,-0.37221006,-0.21088907
LinearAcceleration,141295421,-0.039653964,0.15128362,0.06419453
Gyroscope,141295440,-0.14450978,-0.4393217,-0.107558414
LinearAcceleration,141295441,-0.24720132,0.4002806,-0.17223288
Gyroscope,141295459,-0.080593914,-0.4691491,-0.004227768
LinearAcceleration,141295460,-0.4122516,0.14260463,-0.16026187
Gyroscope,141295480,-0.026265426,-0.47341016,0.04583966
LinearAcceleration,141295481,-0.53704935,-0.16220717,-0.15173253
Gyroscope,141295499,-0.01028646,-0.46382278,0.037317544
LinearAcceleration,141295500,-0.6569091,-0.18674773,-0.2534861
Gyroscope,141295520,-0.0049601374,-0.42653853,0.035187017
LinearAcceleration,141295521,-0.59750295,-0.106691614,-0.27443537
Gyroscope,141295539,3.6618466E-4,-0.3828627,0.058622833
LinearAcceleration,141295540,-0.4671686,0.042945992,-0.2371756
Gyroscope,141295560,0.019540945,-0.3551658,0.09271129
LinearAcceleration,141295561,-0.32441434,-0.004938041,-0.1774702
Gyroscope,141295580,0.03765044,-0.3498395,0.111886054
LinearAcceleration,141295581,-0.23448212,0.06434417,-0.13557167
Gyroscope,141295599,0.060020994,-0.3615574,0.14703979
LinearAcceleration,141295600,-0.016460137,0.06703765,-0.054019175
Gyroscope,141295620,0.07280417,-0.4009722,0.18751983
LinearAcceleration,141295621,0.03815759,-0.050727148,0.03935469
Gyroscope,141295640,0.0717389,-0.4553007,0.22054303
LinearAcceleration,141295641,-0.040252518,-0.017208325,0.038606502
Gyroscope,141295659,0.0717389,-0.51069444,0.23865253
LinearAcceleration,141295660,0.011522096,0.112377845,0.0175076
Gyroscope,141295679,0.084522076,-0.5703492,0.25995782
LinearAcceleration,141295680,0.0070329676,0.050427873,0.10280103
Gyroscope,141295699,0.10156631,-0.6331998,0.28871995
LinearAcceleration,141295707,0.028431145,0.049829323,0.105494514
Gyroscope,141295718,0.113284215,-0.70137674,0.32067788
LinearAcceleration,141295719,0.10280103,0.47973818,0.13661914
Gyroscope,141296709,0.17506956,-0.78766316,0.40589905
LinearAcceleration,141296709,0.48811787,0.6464345,0.46133274
Gyroscope,141296711,0.26881284,-0.93893075,0.5017728
LinearAcceleration,141296711,0.7294833,0.2829647,0.7233482
Gyroscope,141296712,0.31248868,-1.133874,0.56994975
LinearAcceleration,141296712,0.7495348,0.009127894,0.7273884
Gyroscope,141296712,0.30929288,-1.3458618,0.6210824
LinearAcceleration,141296713,0.8644565,-0.36631286,0.9220669
Gyroscope,141296714,0.26881284,-1.5716978,0.60616875
LinearAcceleration,141296715,0.23642741,-0.16205753,0.674716
Gyroscope,141296716,0.24963807,-1.697399,0.6317351
LinearAcceleration,141296716,-0.5846341,0.116418056,0.37693712
Gyroscope,141296717,-0.112551846,0.051765192,0.040513337
LinearAcceleration,141296719,1.762731,0.03546411,1.1013328
Gyroscope,141296719,-0.12959607,0.078396805,0.0266649
LinearAcceleration,141296720,1.7227777,0.001496376,1.183783
Gyroscope,141296720,-0.025200162,0.13272528,-0.021272
LinearAcceleration,141296727,1.8243817,0.34925416,1.4498388
Gyroscope,141296727,-0.027330691,0.12100738,-0.021272
LinearAcceleration,141296728,1.7205333,0.11552023,1.4127287
Gyroscope,141296728,-0.052897036,0.11248527,-0.032989908
LinearAcceleration,141296729,1.7069162,-0.11327567,1.4205098
Gyroscope,141296738,-0.08592024,0.0965063,-0.07240469
LinearAcceleration,141296739,1.6156372,0.022296004,1.2794015
Gyroscope,141296758,-0.08911603,0.091179974,-0.09157945
LinearAcceleration,141296759,1.5016134,0.046387658,1.1875241
Gyroscope,141296778,-0.07846338,0.10396315,-0.0841226
LinearAcceleration,141296779,1.4703391,-0.06344634,1.1834838
Gyroscope,141296798,-0.081659175,0.11248527,-0.10329736
LinearAcceleration,141296799,1.3841479,-2.992752E-4,1.0588357
Gyroscope,141296818,-0.08911603,0.12313791,-0.123537384
LinearAcceleration,141296819,1.3911809,-0.2908955,1.0778397
Gyroscope,141296839,-0.13172661,0.13592108,-0.14164688
LinearAcceleration,141296840,1.3964181,-0.25962123,1.0423756
Gyroscope,141296860,-0.17859824,0.1444432,-0.14271215
LinearAcceleration,141296861,1.4562732,-0.17462708,1.0522517
Gyroscope,141296880,-0.2158825,0.12952949,-0.15336479
LinearAcceleration,141296882,1.553388,-0.2172738,1.1159973
Gyroscope,141296900,-0.25316674,0.08478839,-0.18532272
LinearAcceleration,141296901,1.4986206,-0.04444237,1.1209353
Gyroscope,141296920,-0.2787331,0.03472096,-0.18851851
LinearAcceleration,141296921,1.4338275,-0.04997896,1.1159973
Gyroscope,141296940,-0.31282157,-0.013215937,-0.17893113
LinearAcceleration,141296941,1.3455414,0.20470424,0.9959879
Gyroscope,141296960,-0.3415837,-0.06434863,-0.15443005
LinearAcceleration,141296961,1.3037925,-0.016609775,0.9850644
Gyroscope,141296980,-0.3863248,-0.11867712,-0.13845108
LinearAcceleration,141296981,1.0968436,0.2896984,0.8456021
Gyroscope,141297000,-0.39271638,-0.15063505,-0.080926806
LinearAcceleration,141297001,0.9475053,0.32411507,0.7698855
Gyroscope,141297020,-0.38845533,-0.16661401,-0.023402527
LinearAcceleration,141297021,0.80340433,0.2923919,0.64329207
Gyroscope,141297040,-0.38739008,-0.17407086,0.016012255
LinearAcceleration,141297041,0.74669164,0.22490533,0.5336077
Gyroscope,141297060,-0.39271638,-0.17513613,0.03412175
LinearAcceleration,141297061,0.6004957,0.28625673,0.4655226
Gyroscope,141297080,-0.39165112,-0.14743926,0.07886286
LinearAcceleration,141297081,0.51684827,0.39519292,0.38845924
Gyroscope,141297100,-0.35756266,-0.10269815,0.13106081
LinearAcceleration,141297101,0.4715081,0.21757308,0.50966567
Gyroscope,141297120,-0.33412686,-0.060087573,0.15343137
LinearAcceleration,141297121,0.41285014,-0.07227496,0.573112
Gyroscope,141297140,-0.34584475,-0.016411731,0.143844
LinearAcceleration,141297141,0.1818097,-0.12090719,0.51475334
Gyroscope,141297160,-0.3596932,0.054960985,0.14703979
LinearAcceleration,141297161,-0.10654198,0.17298107,0.29179335
Gyroscope,141297180,-0.34797528,0.14657372,0.16195348
LinearAcceleration,141297181,-0.10160393,0.31977555,0.25438392
Gyroscope,141297200,-0.3021689,0.2222075,0.17154086
LinearAcceleration,141297201,-0.02124854,0.30092123,0.28116906
Gyroscope,141297220,-0.25529727,0.28292757,0.19391142
LinearAcceleration,141297221,0.08245032,0.007631518,0.43230304
Gyroscope,141297240,-0.2606236,0.33725607,0.22267355
LinearAcceleration,141297241,0.045190558,-0.2983774,0.56982
Gyroscope,141297260,-0.30429944,0.3841277,0.24610937
LinearAcceleration,141297261,0.15382746,-0.3556886,0.7375638
Gyroscope,141297280,-0.3618237,0.4107593,0.24504411
LinearAcceleration,141297281,0.20126258,0.35942954,0.60932434
Gyroscope,141297300,-0.34371424,0.44165197,0.3078947
LinearAcceleration,141297301,0.33010057,0.3764882,0.57849896
Gyroscope,141297320,-0.2989731,0.46295726,0.3686148
LinearAcceleration,141297321,0.3580828,-0.050128598,0.78095865
Gyroscope,141297340,-0.29577732,0.4672183,0.37287584
LinearAcceleration,141297341,0.36436757,0.08963293,1.0052655
Gyroscope,141297360,-0.28938574,0.46934885,0.35902742
LinearAcceleration,141297361,0.40417117,0.45669398,1.1857284
Gyroscope,141297381,-0.23612252,0.4533699,0.32813475
LinearAcceleration,141297382,0.6048352,0.31214404,1.4130279
Gyroscope,141297400,-0.16688032,0.40543297,0.2748715
LinearAcceleration,141297401,0.77362645,-0.027832596,1.3256396
