Gyroscope,238675821,-0.0026298715,0.029261483,-0.015579492
LinearAcceleration,238675822,0.1074398,-0.05865794,0.042197805
Gyroscope,238675822,-0.0015646071,0.015413045,-0.015579492
LinearAcceleration,238675822,0.081702136,-0.08364742,0.044292733
Gyroscope,238675823,-0.005825665,0.0015646071,-0.016644757
LinearAcceleration,238675823,0.06464344,-0.09068039,0.011671733
Gyroscope,238675823,-0.0143477805,-0.009088038,-0.013448963
LinearAcceleration,238675824,0.029628245,-0.07870938,-0.0016460137
Gyroscope,238675824,-0.017543573,-0.015479623,-0.012383699
LinearAcceleration,238675825,0.0068833297,-0.028431145,0.023343466
Gyroscope,238675825,-0.01647831,-0.020805946,-0.01771002
LinearAcceleration,238675825,-0.010175358,0.02124854,-0.024241293
Gyroscope,238675826,-0.003695136,-0.020805946,-0.0102531705
LinearAcceleration,238675826,-0.032770637,-0.0134673845,-0.011222821
Gyroscope,238675827,0.0058922437,-0.017610153,-0.002796319
LinearAcceleration,238675827,0.0,-0.06284779,-0.012569559
Gyroscope,238675827,0.0016311861,-0.015479623,-0.0017310547
LinearAcceleration,238675828,0.015562311,-0.038905777,0.019602526
Gyroscope,238675828,-0.0047604004,-0.014414359,-0.002796319
LinearAcceleration,238675829,-0.005985504,-0.097414084,0.026485857
Gyroscope,238675829,-0.011151987,-0.04637229,-0.018775286
LinearAcceleration,238675830,0.029628245,-0.06539164,0.03232172
Gyroscope,238675830,-0.013282516,-0.049568087,-0.016644757
LinearAcceleration,238675831,0.04623802,-0.050128598,0.009576807
Gyroscope,238675831,-0.015413045,-0.05276388,-0.011318435
LinearAcceleration,238675831,0.071975686,0.015861586,0.060303956
Gyroscope,238675832,-0.007956194,-0.061285995,-0.0038615835
LinearAcceleration,238675832,0.11028291,-0.015113398,0.0923264
Gyroscope,238675850,-0.003695136,-0.075134434,-0.0038615835
LinearAcceleration,238675851,0.08035539,-0.019003976,0.06958149
Gyroscope,238675870,-4.993427E-4,-0.08898287,-0.0070573767
LinearAcceleration,238675871,0.04833295,-0.061501056,0.051325697
Gyroscope,238675890,-4.993427E-4,-0.09750499,-0.008122642
LinearAcceleration,238675891,0.015562311,-0.099060096,0.06135142
Gyroscope,238675910,-0.009021458,-0.10176604,-0.011318435
LinearAcceleration,238675911,-0.031423897,-0.087687634,0.011222821
Gyroscope,238675930,-0.0143477805,-0.09963551,-0.014514227
LinearAcceleration,238675931,-0.027383681,-0.05940613,-0.021098902
Gyroscope,238675952,-0.0143477805,-0.09537446,-0.015579492
LinearAcceleration,238675953,-0.017208325,-0.033369187,0.023493104
Gyroscope,238675972,-0.015413045,-0.092178665,-0.013448963
LinearAcceleration,238675973,-0.012120646,-0.10878654,0.017357962
Gyroscope,238675992,-0.020739367,-0.08898287,-0.013448963
LinearAcceleration,238675993,-0.04563947,-0.14425065,0.020500353
Gyroscope,238676012,-0.030326746,-0.08472181,-0.016644757
LinearAcceleration,238676013,-0.06000468,-0.10639234,0.014963761
Gyroscope,238676032,-0.034587804,-0.078330226,-0.01984055
LinearAcceleration,238676033,-0.092775315,-0.09831191,-0.0052373162
Gyroscope,238676052,-0.036718335,-0.06554705,-0.024101608
LinearAcceleration,238676053,-0.11746552,-0.14036007,0.0020949265
Gyroscope,238676072,-0.046305712,-0.049568087,-0.028362665
LinearAcceleration,238676073,-0.123451024,-0.14140753,-0.017208325
Gyroscope,238676092,-0.055893093,-0.032523856,-0.032623723
LinearAcceleration,238676093,-0.076015905,-0.09008184,0.010324995
Gyroscope,238676112,-0.06228468,-0.019740682,-0.03475425
LinearAcceleration,238676113,-0.044592008,0.0010474633,0.028431145
Gyroscope,238676132,-0.059088886,-0.013349094,-0.030493194
LinearAcceleration,238676133,0.004189853,-0.054917,0.04623802
Gyroscope,238676152,-0.06015415,-0.015479623,-0.031558458
LinearAcceleration,238676153,0.0028431145,-0.050876785,0.051774614
Gyroscope,238676172,-0.06228468,-0.017610153,-0.032623723
LinearAcceleration,238676173,0.021697452,0.015412673,0.055066638
Gyroscope,238676192,-0.053762563,-0.020805946,-0.023036344
LinearAcceleration,238676193,0.041449618,-0.004638766,0.05626374
Gyroscope,238676212,-0.044175185,-0.027197532,-0.015579492
LinearAcceleration,238676213,0.035763387,0.05057751,0.004489128
Gyroscope,238676232,-0.032457277,-0.029328061,-0.0049268478
LinearAcceleration,238676233,-0.025737667,0.009726444,0.01436521
Gyroscope,238676252,-0.028196217,-0.030393325,-0.005992112
LinearAcceleration,238676253,-0.038905777,-0.092176765,0.03561375
Gyroscope,238676272,-0.03565307,-0.028262798,-0.01984055
LinearAcceleration,238676274,-0.09816227,0.019752163,-0.0026934769
Gyroscope,238676292,-0.034587804,-0.016544888,-0.020905815
LinearAcceleration,238676293,-0.103698865,-0.014215573,-0.008828619
Gyroscope,238676312,-0.027130954,-0.0026964506,-0.014514227
LinearAcceleration,238676313,-0.043843817,0.010025719,0.006584055
Gyroscope,238676332,-0.01647831,0.003695136,-0.0102531705
LinearAcceleration,238676333,-0.0175076,0.014963761,0.05057751
Gyroscope,238676352,-0.0047604004,0.0026298715,-6.657903E-4
LinearAcceleration,238676353,0.007631518,-0.10220248,0.0537199
Gyroscope,238676372,-0.0068909293,-0.0026964506,-6.657903E-4
LinearAcceleration,238676373,-0.0019452889,-0.081702136,0.034117375
Gyroscope,238676392,-0.011151987,-0.0058922437,0.0014647386
LinearAcceleration,238676393,0.012270284,-0.06494272,0.0338181
Gyroscope,238676412,-0.010086723,-0.010153302,0.0057257963
LinearAcceleration,238676413,-0.011522096,-0.06239888,0.026485857
Gyroscope,238676432,-0.010086723,-0.011218566,0.0057257963
LinearAcceleration,238676433,-0.012719196,-0.06464344,0.052373163
Gyroscope,238676452,-0.011151987,-0.011218566,0.0035952674
LinearAcceleration,238676453,-0.020949265,-0.06569091,0.040102877
Gyroscope,238676472,-0.0143477805,-0.009088038,0.0014647386
LinearAcceleration,238676473,-0.02439093,0.0013467384,0.037409402
Gyroscope,238676492,-0.009021458,-5.659217E-4,0.006791061
LinearAcceleration,238676493,-0.0017956513,-0.102651395,0.014514848
Gyroscope,238676512,-0.010086723,0.0015646071,3.9947417E-4
LinearAcceleration,238676513,-0.008978256,-0.16115971,0.054617725
Gyroscope,238676532,-0.018608838,0.0015646071,-0.012383699
LinearAcceleration,238676533,-0.015711948,-0.030376434,0.034566287
Gyroscope,238676552,-0.018608838,0.0047604004,-0.0102531705
LinearAcceleration,238676553,-0.0037409402,0.017657237,0.036361936
Gyroscope,238676572,-0.0143477805,0.009021458,3.9947417E-4
LinearAcceleration,238676573,-0.013317747,-0.042048167,0.05761048
Gyroscope,238676592,-0.01647831,0.012217252,0.007856325
LinearAcceleration,238676593,-0.031124622,-0.10295067,0.05701193
Gyroscope,238676612,-0.025000425,0.01647831,0.00892159
LinearAcceleration,238676613,-0.038007952,-0.11971009,0.03606266
Gyroscope,238676632,-0.032457277,0.02180463,0.004660532
LinearAcceleration,238676633,0.027682956,-0.028580783,0.02439093
Gyroscope,238676652,-0.03139201,0.019674102,0.0035952674
LinearAcceleration,238676653,0.08499416,0.017208325,0.04743512
Gyroscope,238676672,-0.015413045,0.010086723,0.009986854
LinearAcceleration,238676673,0.14873978,-0.048482586,0.066139825
Gyroscope,238676692,-0.010086723,-0.011218566,0.0131826475
LinearAcceleration,238676693,0.24779987,-0.106691614,0.13467385
Gyroscope,238676712,-0.01647831,-0.042111233,0.012117383
LinearAcceleration,238676713,0.21817163,-0.067935474,0.12090719
Gyroscope,238676732,-0.020739367,-0.0730039,0.015313176
LinearAcceleration,238676733,0.16684593,-0.008828619,0.10160393
Gyroscope,238676752,-0.01647831,-0.09750499,0.022770027
LinearAcceleration,238676753,0.11731588,-0.010025719,0.0966659
Gyroscope,238676772,-0.0143477805,-0.11348395,0.034487937
LinearAcceleration,238676774,0.09591771,-0.11162966,0.06599019
Gyroscope,238676792,-0.02180463,-0.12733239,0.03768373
LinearAcceleration,238676793,0.0935235,-0.103698865,0.06778584
Gyroscope,238676812,-0.029261483,-0.14331135,0.044075314
LinearAcceleration,238676813,0.1285387,-0.10459669,0.076614454
Gyroscope,238676832,-0.036718335,-0.16461664,0.051532168
LinearAcceleration,238676833,0.13422494,-0.15472528,0.10160393
Gyroscope,238676852,-0.05056677,-0.18805246,0.05259743
LinearAcceleration,238676853,0.10654198,-0.15831658,0.12509704
Gyroscope,238676872,-0.06974153,-0.21042301,0.041944787
LinearAcceleration,238676873,0.056563016,-0.047584757,0.08619126
Gyroscope,238676892,-0.07400259,-0.22640198,0.031292144
LinearAcceleration,238676893,0.060303956,0.066139825,0.054468088
Gyroscope,238676912,-0.06228468,-0.23705463,0.03768373
LinearAcceleration,238676913,0.039504327,-0.016011223,0.010025719
Gyroscope,238676932,-0.05695836,-0.23918515,0.051532168
LinearAcceleration,238676933,0.03172317,-0.08245032,0.018555064
Gyroscope,238676952,-0.06228468,-0.23385884,0.06431534
LinearAcceleration,238676953,-0.033967737,-0.081702136,-0.025438393
Gyroscope,238676972,-0.06867626,-0.21787986,0.07496798
LinearAcceleration,238676973,-0.089782566,-0.10699089,-0.07377134
Gyroscope,238676992,-0.07613312,-0.19337878,0.07496798
LinearAcceleration,238676993,-0.15188217,-0.12210429,-0.06194997
Gyroscope,238677012,-0.08465523,-0.16248612,0.0653806
LinearAcceleration,238677013,-0.17133506,-0.112976395,-0.065242
Gyroscope,238677032,-0.087851025,-0.12626712,0.05898902
LinearAcceleration,238677033,-0.20814592,-0.2275988,-0.03321955
Gyroscope,238677052,-0.101699464,-0.0879176,0.041944787
LinearAcceleration,238677053,-0.2148796,-0.2100912,-0.04369418
Gyroscope,238677072,-0.11980896,-0.051698614,0.018508969
LinearAcceleration,238677073,-0.21458033,-0.10100538,-0.02184709
Gyroscope,238677092,-0.11980896,-0.020805946,0.0014647386
LinearAcceleration,238677093,-0.142455,-0.115969144,0.03172317
Gyroscope,238677112,-0.12620054,0.0015646071,-0.016644757
LinearAcceleration,238677113,-0.13617022,-0.036810853,0.0047884034
Gyroscope,238677132,-0.12300475,0.02180463,-0.027297402
LinearAcceleration,238677133,-0.057311203,0.107739076,0.034865562
Gyroscope,238677152,-0.0974384,0.032457277,-0.013448963
LinearAcceleration,238677153,0.13153146,0.13931261,0.114772044
Gyroscope,238677172,-0.06867626,0.018608838,0.0057257963
LinearAcceleration,238677173,0.24705169,0.060303956,0.19437926
Gyroscope,238677192,-0.05056677,-0.016544888,0.0131826475
LinearAcceleration,238677193,0.3000234,0.024839843,0.21278468
Gyroscope,238677212,-0.04097939,-0.063416526,0.012117383
LinearAcceleration,238677213,0.30391398,0.024540568,0.19826983
Gyroscope,238677232,-0.032457277,-0.11561448,0.011052119
LinearAcceleration,238677233,0.27024552,0.013916298,0.20186113
Gyroscope,238677252,-0.029261483,-0.16674717,0.014247912
LinearAcceleration,238677253,0.21083939,-0.035314474,0.17612346
Gyroscope,238677273,-0.03565307,-0.20829248,0.014247912
LinearAcceleration,238677274,0.11836334,0.08334815,0.08245032
Gyroscope,238677292,-0.032457277,-0.23066303,0.02809635
LinearAcceleration,238677293,0.012569559,0.18629882,0.0020949265
Gyroscope,238677312,-0.009021458,-0.22746724,0.06431534
LinearAcceleration,238677313,0.002244564,0.074220255,-0.033518825
Gyroscope,238677332,0.0058922437,-0.2168146,0.09627327
LinearAcceleration,238677333,0.021098902,0.007930793,0.013317747
Gyroscope,238677352,0.013349094,-0.21574934,0.111186974
LinearAcceleration,238677353,0.07870938,-0.11836334,0.06075287
Gyroscope,238677372,0.0058922437,-0.22959778,0.09627327
LinearAcceleration,238677373,0.070778586,-0.21443069,0.034117375
Gyroscope,238677392,-0.012217252,-0.24238095,0.06644587
LinearAcceleration,238677393,0.016460137,-0.07616554,-0.002992752
Gyroscope,238677412,-0.017543573,-0.24344622,0.04727111
LinearAcceleration,238677413,-0.12704232,-0.09187749,-0.036810853
Gyroscope,238677432,-0.017543573,-0.22959778,0.031292144
LinearAcceleration,238677433,-0.11581951,-0.05551555,-0.04189853
Gyroscope,238677452,-0.017543573,-0.2136188,0.015313176
LinearAcceleration,238677453,-0.064493805,0.017657237,-0.017058687
Gyroscope,238677472,-0.010086723,-0.2019009,0.00892159
LinearAcceleration,238677473,-0.035913024,-0.01062427,-0.047135845
Gyroscope,238677492,-0.0026298715,-0.19231352,0.011052119
LinearAcceleration,238677493,-0.035763387,-0.060303956,-0.011372458
Gyroscope,238677512,-4.993427E-4,-0.18592194,0.012117383
LinearAcceleration,238677513,-0.053869538,0.007631518,-0.044741645
Gyroscope,238677532,0.003761715,-0.17633455,0.017443705
LinearAcceleration,238677533,-0.084694885,0.001496376,-0.008978256
Gyroscope,238677552,0.008022773,-0.16355138,0.024900556
LinearAcceleration,238677553,-0.061650693,-0.09142858,0.011671733
Gyroscope,238677572,-4.993427E-4,-0.15502927,0.020639498
LinearAcceleration,238677573,-0.04818331,-0.09861118,0.0338181
Gyroscope,238677592,-0.012217252,-0.15289873,0.0057257963
LinearAcceleration,238677593,-0.0134673845,-0.010175358,0.01062427
Gyroscope,238677612,-0.011151987,-0.15183347,-0.0038615835
LinearAcceleration,238677613,-0.07571663,0.029478608,-0.030376434
Gyroscope,238677632,0.0016311861,-0.14544189,-0.002796319
LinearAcceleration,238677633,-0.120159,-0.01810615,-0.033668462
Gyroscope,238677652,0.010153302,-0.12839766,-0.0017310547
LinearAcceleration,238677653,-0.14993688,-0.0899322,-0.034117375
Gyroscope,238677672,0.008022773,-0.104961835,-0.0038615835
LinearAcceleration,238677673,-0.18405426,-0.13542204,-0.0338181
Gyroscope,238677692,-4.993427E-4,-0.07726496,-0.008122642
LinearAcceleration,238677693,-0.20171149,-0.080056116,-0.04818331
Gyroscope,238677712,-0.005825665,-0.049568087,-0.016644757
LinearAcceleration,238677713,-0.122852474,-0.022146367,-0.033069912
Gyroscope,238677732,-0.0026298715,-0.03145859,-0.021971079
LinearAcceleration,238677733,-0.08215105,-0.038456865,-0.015861586
Gyroscope,238677752,0.0016311861,-0.016544888,-0.028362665
LinearAcceleration,238677753,-0.112976395,-0.07107786,-0.04369418
Gyroscope,238677772,0.0026964506,-5.659217E-4,-0.03688478
LinearAcceleration,238677773,-0.066738375,-0.082899235,0.010923545
Gyroscope,238677792,0.0016311861,0.010086723,-0.04434163
LinearAcceleration,238677793,-0.0031423897,-0.05057751,0.0031423897
Gyroscope,238677813,0.003761715,0.013282516,-0.053929012
LinearAcceleration,238677814,0.027383681,0.050427873,0.0062847794
Gyroscope,238677832,0.016544888,0.017543573,-0.053929012
LinearAcceleration,238677833,0.06688801,0.039653964,0.042945992
Gyroscope,238677852,0.028262798,0.015413045,-0.05073322
LinearAcceleration,238677853,0.10354923,0.011821371,0.05267244
Gyroscope,238677872,0.033589117,0.005825665,-0.046472162
LinearAcceleration,238677873,0.15547347,0.038905777,0.08125322
Gyroscope,238677892,0.039980706,-0.013349094,-0.040080573
LinearAcceleration,238677893,0.18959084,-0.02439093,0.119859725
Gyroscope,238677912,0.044241764,-0.0431765,-0.037950046
LinearAcceleration,238677913,0.17133506,0.016759412,0.07751228
Gyroscope,238677932,0.049568087,-0.07087337,-0.04114584
LinearAcceleration,238677933,0.081103586,0.046088383,0.057909753
Gyroscope,238677952,0.061285995,-0.08578707,-0.035819516
LinearAcceleration,238677953,-0.009576807,-0.07975684,0.041150343
Gyroscope,238677972,0.053829145,-0.08898287,-0.039015308
LinearAcceleration,238677973,-0.004189853,-0.0676362,0.014215573
Gyroscope,238677992,0.0431765,-0.08365655,-0.02942793
LinearAcceleration,238678001,0.009277532,-0.021996727,0.03441665
Gyroscope,238678011,0.039980706,-0.076199695,-0.0017310547
LinearAcceleration,238678012,0.06239888,-0.03755904,0.020350715
Gyroscope,238678032,0.036784913,-0.075134434,0.024900556
LinearAcceleration,238678032,0.08020575,-0.10788871,0.04070143
Gyroscope,238678051,0.030393325,-0.07939549,0.03342267
LinearAcceleration,238678052,0.030376434,-0.14155717,0.046537295
Gyroscope,238678071,0.020805946,-0.08046076,0.022770027
LinearAcceleration,238678072,-0.06479308,-0.22550388,0.005087679
Gyroscope,238678091,0.011218566,-0.07193864,0.002530003
LinearAcceleration,238678091,-0.033069912,-0.1479916,-0.012120646
Gyroscope,238678111,0.0048269792,-0.063416526,-0.0102531705
LinearAcceleration,238678112,0.0035913025,-0.063296705,0.021996727
Gyroscope,238678131,0.003761715,-0.06661232,-0.012383699
LinearAcceleration,238678132,0.055964466,-0.037858315,0.062698156
Gyroscope,238678153,-4.993427E-4,-0.07939549,-0.014514227
LinearAcceleration,238678154,0.030825347,-0.019752163,0.05761048
Gyroscope,238678173,-0.0026298715,-0.0879176,-0.0102531705
LinearAcceleration,238678174,-0.0163105,-0.013617022,0.027982233
Gyroscope,238678193,-0.0015646071,-0.08578707,-0.0017310547
LinearAcceleration,238678194,-0.09980828,0.025438393,-0.008978256
Gyroscope,238678212,0.003761715,-0.0730039,0.004660532
LinearAcceleration,238678213,-0.13392566,-0.101454295,0.027084406
Gyroscope,238678232,-0.0015646071,-0.059155464,-0.009187906
LinearAcceleration,238678233,-0.08678981,-0.09816227,-0.024540568
Gyroscope,238678253,-0.0068909293,-0.04637229,-0.01771002
LinearAcceleration,238678254,-4.4891282E-4,0.08319851,-0.023193829
Gyroscope,238678272,0.003761715,-0.042111233,-0.005992112
LinearAcceleration,238678274,0.07736264,0.029029695,-0.0028431145
Gyroscope,238678292,0.0048269792,-0.0431765,0.00892159
LinearAcceleration,238678293,0.05327099,-0.041150343,0.030825347
Gyroscope,238678963,-0.0026298715,-0.04530703,0.012117383
LinearAcceleration,238678964,0.0104746325,-0.03321955,-8.9782564E-4
Gyroscope,238678964,-0.0047604004,-0.039980706,0.012117383
LinearAcceleration,238678965,-0.052373163,-0.108936176,-0.009576807
Gyroscope,238678965,-0.005825665,-0.028262798,0.0014647386
LinearAcceleration,238678965,-0.0700304,-0.084694885,-0.027982233
Gyroscope,238678966,-0.009021458,-0.015479623,-0.014514227
LinearAcceleration,238678966,-0.006584055,-0.053570263,-0.026785132
Gyroscope,238678967,-0.0068909293,-0.009088038,-0.028362665
LinearAcceleration,238678967,0.04249708,0.017956512,-0.0034416649
Gyroscope,238678967,-0.012217252,-0.017610153,-0.0017310547
LinearAcceleration,238678968,-0.044592008,-0.004638766,0.0851438
Gyroscope,238678968,-0.010086723,-0.014414359,-6.657903E-4
LinearAcceleration,238678968,-0.05746084,0.009726444,0.06808511
Gyroscope,238678978,0.010153302,0.1336574,0.0035952674
LinearAcceleration,238678979,0.08215105,-0.13976152,0.2837129
Gyroscope,238678979,-0.0015646071,0.12407002,0.0014647386
LinearAcceleration,238678979,-0.022744916,-0.13631986,0.21173722
Gyroscope,238678980,-0.009021458,0.1336574,-0.002796319
LinearAcceleration,238678980,-0.11911154,-0.13781624,0.17477672
Gyroscope,238678991,-0.018608838,0.15709321,-0.015579492
LinearAcceleration,238678994,-0.25288755,-0.24346039,0.14335282
Gyroscope,238679012,-0.037783597,0.20289959,-0.04114584
LinearAcceleration,238679012,-0.46297875,-0.39893386,-0.010773907
Gyroscope,238679031,-0.07719838,0.29877338,-0.05605954
LinearAcceleration,238679032,-0.7800608,-0.23687632,-0.2371756
Gyroscope,238679052,-0.0974384,0.45217147,-0.05179848
LinearAcceleration,238679052,-1.050456,-0.30526072,-0.286556
Gyroscope,238679071,-0.114482634,0.6332664,-0.062451128
LinearAcceleration,238679072,-1.0152912,-0.34087446,-0.28476036
Gyroscope,238679093,-0.13578792,0.8005129,-0.12530173
LinearAcceleration,238679095,-0.7428011,-0.21293432,-0.120458275
Gyroscope,238679113,-0.13578792,0.9134309,-0.21265341
LinearAcceleration,238679114,-0.30256724,-0.15412673,0.0899322
Gyroscope,238679133,-0.12513529,0.9507152,-0.31065774
LinearAcceleration,238679134,0.24465749,0.09247604,0.27982232
Gyroscope,238679153,-0.08678576,0.9038436,-0.3649862
LinearAcceleration,238679154,0.774225,0.2681506,0.4352958
Gyroscope,238679173,-0.03565307,0.77920765,-0.39055258
LinearAcceleration,238679174,0.9581296,0.22714989,0.37155017
Gyroscope,238679193,-0.0015646071,0.6247443,-0.39587888
LinearAcceleration,238679194,0.7766192,0.27204117,0.21458033
Gyroscope,238679213,0.026132269,0.50436944,-0.35326833
LinearAcceleration,238679214,0.38292262,0.30166942,0.050278235
Gyroscope,238679233,0.05063335,0.43086618,-0.2818956
LinearAcceleration,238679234,0.17672202,0.09083003,0.059855044
Gyroscope,238679253,0.047437556,0.38612506,-0.219045
LinearAcceleration,238679254,0.17687166,-0.07407062,0.05641338
Gyroscope,238679273,0.021871211,0.34138396,-0.17430389
LinearAcceleration,238679274,0.19632454,-0.04683657,0.111779295
Gyroscope,238679293,0.003761715,0.2955776,-0.12743226
LinearAcceleration,238679294,0.18719664,-0.1038485,0.10295067
Gyroscope,238679313,-0.009021458,0.25829333,-0.09227853
LinearAcceleration,238679314,0.1249474,-0.13691841,0.092176765
Gyroscope,238679333,-0.013282516,0.23485751,-0.06990798
LinearAcceleration,238679334,0.14380173,-0.07032967,0.10399814
Gyroscope,238679353,-0.0047604004,0.21568276,-0.057124805
LinearAcceleration,238679354,0.25438392,0.004040215,0.12719196
Gyroscope,238679373,0.015479623,0.18692061,-0.045406897
LinearAcceleration,238679374,0.36975452,-0.16924013,0.23328502
Gyroscope,238679393,0.016544888,0.14537531,-0.042211104
LinearAcceleration,238679394,0.42841247,-0.21532851,0.23612814
Gyroscope,238679413,-4.993427E-4,0.102764726,-0.04860269
LinearAcceleration,238679414,0.3772364,-0.12030864,0.2733879
Gyroscope,238679433,-0.009021458,0.06548047,-0.059255335
LinearAcceleration,238679434,0.2515408,-0.19662382,0.28086978
Gyroscope,238679453,-0.02180463,0.038848862,-0.095474325
LinearAcceleration,238679454,0.11911154,-0.08738836,0.21757308
Gyroscope,238679473,-0.017543573,0.027130954,-0.13915017
LinearAcceleration,238679474,-0.025438393,0.1237503,0.12794015
Gyroscope,238679493,0.021871211,0.030326746,-0.15512913
LinearAcceleration,238679494,-0.06299743,0.13078327,0.12090719
Gyroscope,238679513,0.063416526,0.034587804,-0.1529986
LinearAcceleration,238679514,-0.06703765,-0.0863409,0.21682489
Gyroscope,238679533,0.074069165,0.028196217,-0.1498028
LinearAcceleration,238679534,-0.05686229,-0.21921909,0.29388827
Gyroscope,238679553,0.06448179,0.011151987,-0.15512913
LinearAcceleration,238679554,-0.10220248,-0.20440497,0.2599205
Gyroscope,238679573,0.057024937,-0.008022773,-0.1679123
LinearAcceleration,238679574,-0.22969373,-0.063895255,0.22670098
Gyroscope,238679593,0.063416526,-0.016544888,-0.16365124
LinearAcceleration,238679594,-0.26800096,0.013018472,0.16295536
Gyroscope,238679613,0.07193864,-0.010153302,-0.14447649
LinearAcceleration,238679614,-0.26964697,-0.0362123,0.14634559
Gyroscope,238679633,0.07087337,4.993427E-4,-0.1231712
LinearAcceleration,238679634,-0.1666963,-0.02633622,0.19437926
Gyroscope,238679653,0.06874284,-0.0026964506,-0.097604856
LinearAcceleration,238679654,-0.10594343,-0.020201078,0.16130935
Gyroscope,238679673,0.06767758,-0.016544888,-0.07097324
LinearAcceleration,238679674,-0.038456865,0.03441665,0.119859725
Gyroscope,238679693,0.06980811,-0.032523856,-0.039015308
LinearAcceleration,238679694,-0.058807578,0.011971008,0.0863409
Gyroscope,238679713,0.07087337,-0.044241764,-0.013448963
LinearAcceleration,238679714,-0.12030864,-0.029777884,0.054468088
Gyroscope,238679733,0.076199695,-0.05063335,0.0014647386
LinearAcceleration,238679734,-0.13542204,-0.15532383,0.0664391
Gyroscope,238679753,0.06980811,-0.054894406,-0.0070573767
LinearAcceleration,238679754,-0.22490533,-0.10654198,-0.0338181
Gyroscope,238679773,0.06767758,-0.042111233,-0.015579492
LinearAcceleration,238679774,-0.24794951,0.057161566,-0.12509704
Gyroscope,238679793,0.09324393,-0.021871211,0.007856325
LinearAcceleration,238679794,-0.15502456,-0.08619126,-0.14664486
Gyroscope,238679813,0.102831304,-0.015479623,0.014247912
LinearAcceleration,238679814,-0.042646717,-0.26156655,-0.12180501
Gyroscope,238679833,0.08259128,-0.029328061,-0.0017310547
LinearAcceleration,238679834,-0.06898294,-0.1643021,-0.15188217
Gyroscope,238679853,0.06874284,-0.042111233,-6.657903E-4
LinearAcceleration,238679854,-0.121655375,-0.20141222,-0.17477672
Gyroscope,238679873,0.054894406,-0.044241764,0.009986854
LinearAcceleration,238679874,-0.24735096,-0.3338415,-0.17597382
Gyroscope,238679893,0.025067003,-0.033589117,0.00892159
LinearAcceleration,238679894,-0.3434183,-0.2665046,-0.16205753
Gyroscope,238679913,0.0026964506,-0.0058922437,0.01637844
LinearAcceleration,238679914,-0.36631286,-0.27368718,-0.114173494
Gyroscope,238679934,-0.020739367,0.025000425,0.018508969
LinearAcceleration,238679935,-0.32486326,-0.250643,-0.11148002
Gyroscope,238679953,-0.045240447,0.05056677,0.012117383
LinearAcceleration,238679954,-0.27114335,-0.077811554,-0.10250176
Gyroscope,238679974,-0.047370978,0.07613312,0.02809635
LinearAcceleration,238679975,-0.16579847,-0.14335282,-0.022744916
Gyroscope,238679993,-0.05695836,0.08891629,0.035553202
LinearAcceleration,238679994,-0.11372458,-0.22041619,0.07511808
Gyroscope,238680013,-0.075067855,0.09104682,0.023835292
LinearAcceleration,238680014,-0.1213561,-0.11043255,0.12419921
Gyroscope,238680033,-0.0825247,0.09530788,0.01637844
LinearAcceleration,238680034,-0.1213561,0.02633622,0.15472528
Gyroscope,238680053,-0.089981556,0.11341737,0.032357406
LinearAcceleration,238680054,-0.107739076,0.08035539,0.23882163
Gyroscope,238680073,-0.087851025,0.13685319,0.057923753
LinearAcceleration,238680074,-0.058508303,0.070778586,0.25258827
Gyroscope,238680093,-0.07826365,0.14750583,0.05898902
LinearAcceleration,238680094,0.043843817,0.15337855,0.24854806
Gyroscope,238680113,-0.044175185,0.14217952,0.04833637
LinearAcceleration,238680114,0.098461546,0.32650927,0.14290391
Gyroscope,238680133,0.017610153,0.13152687,0.056858487
LinearAcceleration,238680134,0.16938977,0.32621,0.023493104
Gyroscope,238680153,0.08365655,0.11980896,0.08881642
LinearAcceleration,238680154,0.16101007,-0.12928689,0.12749124
Gyroscope,238680173,0.09643972,0.0974384,0.08775116
LinearAcceleration,238680174,0.12569559,-0.5758055,0.2323872
Gyroscope,238680193,0.04104597,0.067611,0.03342267
LinearAcceleration,238680194,0.09053075,-0.39504328,0.20949265
Gyroscope,238680213,0.0026964506,0.038848862,-0.0038615835
LinearAcceleration,238680214,0.10354923,-0.05057751,0.11162966
Gyroscope,238680233,0.009088038,0.017543573,3.9947417E-4
LinearAcceleration,238680234,0.06958149,0.06015432,0.043544542
Gyroscope,238680253,0.017610153,0.007956194,0.023835292
LinearAcceleration,238680254,0.0338181,0.1412579,0.043394905
Gyroscope,238680273,0.027197532,0.009021458,0.057923753
LinearAcceleration,238680274,0.008230069,0.028880058,0.03247136
Gyroscope,238680293,0.026132269,0.010086723,0.06644587
LinearAcceleration,238680294,-0.032172084,0.062249243,-0.015861586
Gyroscope,238680313,0.034654383,0.015413045,0.06431534
LinearAcceleration,238680314,-0.034566287,0.053869538,-0.065092355
Gyroscope,238680333,0.05595967,0.02180463,0.055793226
LinearAcceleration,238680334,-0.055964466,-0.08604162,-0.04623802
Gyroscope,238680353,0.063416526,0.025000425,0.031292144
LinearAcceleration,238680354,-0.08738836,-0.187047,0.006584055
Gyroscope,238680373,0.054894406,0.032457277,0.002530003
LinearAcceleration,238680374,-0.13467385,-0.09861118,0.008529344
Gyroscope,238680393,0.05276388,0.049501505,-0.015579492
LinearAcceleration,238680394,-0.19168578,-0.02498948,-0.060902506
Gyroscope,238680413,0.06235126,0.070806794,-0.01984055
LinearAcceleration,238680414,-0.18764555,-0.08499416,-0.084096335
Gyroscope,238680434,0.06874284,0.09104682,-0.021971079
LinearAcceleration,238680435,-0.22041619,-0.18659809,-0.049081136
Gyroscope,238680453,0.06022073,0.11341737,-0.023036344
LinearAcceleration,238680454,-0.21906945,-0.16519992,0.0016460137
Gyroscope,238680473,0.04530703,0.13791846,-0.0102531705
LinearAcceleration,238680474,-0.1400608,-0.056563016,0.02873042
Gyroscope,238680493,0.035719648,0.16135427,0.015313176
LinearAcceleration,238680494,-0.06584055,0.057311203,-0.054468088
Gyroscope,238680513,0.042111233,0.18052903,0.05472796
LinearAcceleration,238680515,0.017208325,0.117615156,-0.069731124
Gyroscope,238680533,0.06767758,0.18265957,0.08988169
LinearAcceleration,238680534,0.043394905,-0.16968904,0.023044191
Gyroscope,238680553,0.059155464,0.17413744,0.083490096
LinearAcceleration,238680554,-0.022894554,-0.29508537,0.060902506
Gyroscope,238680573,0.03145859,0.16987638,0.067511134
LinearAcceleration,238680574,-0.0350152,-0.16415246,0.004938041
Gyroscope,238680593,0.016544888,0.17200692,0.06325007
LinearAcceleration,238680594,-0.051624972,-0.12479776,-0.02633622
Gyroscope,238680613,0.0048269792,0.17733324,0.061119545
LinearAcceleration,238680614,-0.022894554,-0.07032967,-0.0163105
Gyroscope,238680633,-0.0026298715,0.18052903,0.060054284
LinearAcceleration,238680635,0.0966659,0.09412205,-0.03232172
Gyroscope,238680653,0.003761715,0.17946377,0.069641665
LinearAcceleration,238680654,0.2045546,0.19273324,-0.06135142
Gyroscope,238680673,0.026132269,0.17200692,0.09094695
LinearAcceleration,238680674,0.28101942,0.06748656,-0.041150343
Gyroscope,238680693,0.04104597,0.15070163,0.10266486
LinearAcceleration,238680694,0.3019687,-0.21637598,0.043245267
Gyroscope,238680713,0.02400174,0.118743695,0.083490096
LinearAcceleration,238680714,0.23463176,-0.32635963,0.16759412
Gyroscope,238680733,-0.009021458,0.08465523,0.04727111
LinearAcceleration,238680734,0.12749124,-0.2391209,0.12569559
Gyroscope,238680753,-0.02180463,0.055893093,0.020639498
LinearAcceleration,238680754,0.03127426,-0.045789108,0.004189853
Gyroscope,238680773,-0.005825665,0.038848862,0.012117383
LinearAcceleration,238680775,-0.098461546,0.027084406,-0.046986207
Gyroscope,238680793,0.021871211,0.030326746,0.017443705
LinearAcceleration,238680795,-0.14260463,-0.1818097,0.048033673
Gyroscope,238680813,0.015479623,0.022869896,0.0035952674
LinearAcceleration,238680814,-0.10055647,-0.3576339,0.13362639
Gyroscope,238680833,-0.030326746,0.0143477805,-0.032623723
LinearAcceleration,238680835,-0.102052845,0.20111294,-0.10250176
Gyroscope,238680853,-0.028196217,0.020739367,-0.011318435
LinearAcceleration,238680854,-0.026186582,0.55365914,-0.22610243
Gyroscope,238680873,0.022936475,0.037783597,0.06218481
LinearAcceleration,238680875,0.11911154,0.32606035,-0.35164836
Gyroscope,238680893,0.051698614,0.045240447,0.11757856
LinearAcceleration,238680895,0.23523031,-0.025139118,-0.115969144
Gyroscope,238680914,0.05276388,0.03139201,0.12929647
LinearAcceleration,238680915,0.18570027,-0.5823896,0.081103586
Gyroscope,238680934,-0.0047604004,0.005825665,0.068576396
LinearAcceleration,238680935,0.032920275,-0.63416415,0.13437457
Gyroscope,238680953,-0.06548047,-0.0058922437,-0.0049268478
LinearAcceleration,238680954,-0.0935235,-0.18555063,0.030376434
Gyroscope,238680973,-0.061219417,0.0068909293,-0.023036344
LinearAcceleration,238680974,-0.19288288,-0.12300211,-0.011372458
Gyroscope,238680994,-0.04097939,0.032457277,-0.03368899
LinearAcceleration,238680995,-0.22310968,-0.14499883,-0.0664391
Gyroscope,238681014,-0.03565307,0.06015415,-0.05819007
LinearAcceleration,238681015,-0.2124854,0.04833295,-0.10354923
Gyroscope,238681034,-0.013282516,0.089981556,-0.047537424
LinearAcceleration,238681035,-0.052223526,-0.007182605,-0.056563016
Gyroscope,238681054,-0.010086723,0.10915632,-0.03368899
LinearAcceleration,238681055,0.07152677,-0.069731124,-0.026785132
Gyroscope,238681074,-0.02180463,0.117678426,-0.018775286
LinearAcceleration,238681075,0.1376666,0.030974984,-0.024540568
Gyroscope,238681093,-0.02393516,0.116613165,0.0131826475
LinearAcceleration,238681095,0.2057517,0.015711948,-0.002992752
Gyroscope,238681114,-0.02393516,0.10809105,0.046205845
LinearAcceleration,238681115,0.22849663,-0.2669535,0.14230536
Gyroscope,238681134,-0.048436243,0.085720494,0.04087952
LinearAcceleration,238681135,0.16490065,-0.3250129,0.24091655
Gyroscope,238681153,-0.08358997,0.061219417,0.009986854
LinearAcceleration,238681154,0.07586627,-0.053570263,0.21622634
Gyroscope,238681174,-0.0825247,0.05056677,0.002530003
LinearAcceleration,238681175,0.009427169,0.0947206,0.14664486
Gyroscope,238681194,-0.053762563,0.0526973,0.004660532
LinearAcceleration,238681195,-0.024091655,0.1388637,0.11552023
Gyroscope,238681214,-0.017543573,0.055893093,0.006791061
LinearAcceleration,238681215,-0.008978256,0.12000936,0.08319851
Gyroscope,238681233,0.013349094,0.059088886,0.0035952674
LinearAcceleration,238681235,0.02184709,0.022744916,0.099658646
Gyroscope,238681253,0.026132269,0.059088886,-0.0049268478
LinearAcceleration,238681255,0.027533319,-0.009127894,0.12120646
Gyroscope,238681274,0.028262798,0.061219417,-0.013448963
LinearAcceleration,238681275,-1.496376E-4,0.025438393,0.100855745
Gyroscope,238681292,0.034654383,0.06228468,-0.012383699
LinearAcceleration,238681293,0.040551793,-0.0026934769,0.07826047
Gyroscope,238681813,0.033589117,0.059088886,-0.014514227
LinearAcceleration,238681814,0.09083003,-0.04623802,0.079008654
Gyroscope,238681814,0.026132269,0.05056677,-0.018775286
LinearAcceleration,238681814,0.07811083,-0.06419453,0.05117606
Gyroscope,238681815,0.019740682,0.039914127,-0.01771002
LinearAcceleration,238681815,0.047285482,0.02932897,0.06359598
Gyroscope,238681816,0.02400174,0.03139201,-0.011318435
LinearAcceleration,238681816,0.067935474,-0.011522096,0.037259765
Gyroscope,238681816,0.030393325,0.018608838,-0.0102531705
LinearAcceleration,238681817,0.03561375,-0.08963293,0.052971713
Gyroscope,238681818,0.028262798,0.0068909293,-0.013448963
LinearAcceleration,238681818,-0.023044191,-0.0887351,0.018704701
Gyroscope,238681818,0.026132269,0.0026298715,-0.0102531705
LinearAcceleration,238681819,-0.022744916,-0.09636662,-0.008379706
Gyroscope,238681819,0.022936475,4.993427E-4,-0.005992112
LinearAcceleration,238681820,-0.008230069,-0.10235212,0.011522096
Gyroscope,238681820,0.015479623,-0.0048269792,-0.0102531705
LinearAcceleration,238681821,-0.02124854,-0.09262568,0.017208325
Gyroscope,238681821,0.044241764,0.0143477805,0.038748994
LinearAcceleration,238681821,-0.08723872,0.0053869537,-0.021996727
Gyroscope,238681822,0.04850282,0.017543573,0.036618464
LinearAcceleration,238681822,-0.06464344,-0.013916298,-0.014065935
Gyroscope,238681823,0.049568087,0.0143477805,0.031292144
LinearAcceleration,238681823,0.011821371,0.047884032,-0.004489128
Gyroscope,238681833,0.057024937,0.0026298715,0.03768373
LinearAcceleration,238681833,0.064493805,0.042197805,0.01316811
Gyroscope,238681852,0.063416526,-0.016544888,0.05259743
LinearAcceleration,238681853,0.12030864,-0.034566287,0.0026934769
Gyroscope,238681872,0.06235126,-0.04530703,0.060054284
LinearAcceleration,238681873,0.20051439,0.026036944,-0.026186582
Gyroscope,238681892,0.06661232,-0.0879176,0.07496798
LinearAcceleration,238681893,0.25902268,0.0023942017,-0.028281508
Gyroscope,238681912,0.078330226,-0.14118083,0.097338535
LinearAcceleration,238681914,0.41135377,0.029777884,-0.11148002
Gyroscope,238681934,0.07939549,-0.20829248,0.12397015
LinearAcceleration,238681935,0.36227265,0.1436521,-0.18360534
Gyroscope,238681954,0.08898287,-0.27007782,0.16764599
LinearAcceleration,238681955,0.30017304,-0.08574235,-0.16639702
Gyroscope,238681974,0.06980811,-0.3180147,0.19747339
LinearAcceleration,238681975,0.11881226,-0.2311901,-0.24286184
Gyroscope,238681994,0.029328061,-0.33186316,0.21451762
LinearAcceleration,238681995,-0.08095395,-0.19288288,-0.2587234
Gyroscope,238682014,5.659217E-4,-0.31055787,0.23688817
LinearAcceleration,238682015,-0.21772271,-0.31573534,-0.23882163
Gyroscope,238682034,-0.034587804,-0.27220836,0.23156185
LinearAcceleration,238682036,-0.2693477,-0.33518824,-0.2503437
Gyroscope,238682054,-0.06441521,-0.22533672,0.20599551
LinearAcceleration,238682055,-0.3107973,-0.15667057,-0.2371756
Gyroscope,238682074,-0.067611,-0.17526929,0.17829864
LinearAcceleration,238682075,-0.25169045,-0.20485388,-0.1949778
Gyroscope,238682094,-0.06867626,-0.1358545,0.13994911
LinearAcceleration,238682095,-0.1690905,-0.10998364,-0.100257196
Gyroscope,238682114,-0.06548047,-0.107092366,0.10586065
LinearAcceleration,238682115,-0.11192893,-8.9782564E-4,-0.03067571
Gyroscope,238682134,-0.0526973,-0.08259128,0.09414274
LinearAcceleration,238682135,-0.07107786,-0.053570263,0.028580783
Gyroscope,238682154,-0.05056677,-0.063416526,0.08775116
LinearAcceleration,238682155,-0.04504092,-0.088136554,0.070180036
Gyroscope,238682174,-0.055893093,-0.05063335,0.07922904
LinearAcceleration,238682175,0.029478608,0.034117375,0.047584757
Gyroscope,238682194,-0.053762563,-0.0431765,0.07709851
LinearAcceleration,238682195,0.021547815,0.09367314,0.042796355
Gyroscope,238682214,-0.036718335,-0.037850175,0.07816378
LinearAcceleration,238682215,0.033668462,0.039504327,0.013766659
Gyroscope,238682234,-0.027130954,-0.037850175,0.0653806
LinearAcceleration,238682235,0.0068833297,0.03546411,-0.051624972
Gyroscope,238682254,-0.022869896,-0.032523856,0.05472796
LinearAcceleration,238682255,-0.022894554,0.017058687,-0.02498948
Gyroscope,238682274,-0.017543573,-0.020805946,0.056858487
LinearAcceleration,238682275,-0.0537199,-0.0163105,-0.043993454
Gyroscope,238682294,-0.019674102,-0.008022773,0.061119545
LinearAcceleration,238682295,-0.03247136,-0.07766192,-0.01436521
Gyroscope,238682314,-0.028196217,0.003695136,0.060054284
LinearAcceleration,238682315,-0.030526072,-0.13227965,-0.019003976
Gyroscope,238682334,-0.036718335,0.013282516,0.050466903
LinearAcceleration,238682335,-0.01690905,-0.13841479,-0.014664485
Gyroscope,238682354,-0.039914127,0.019674102,0.038748994
LinearAcceleration,238682355,0.020051438,-0.090381116,0.018555064
Gyroscope,238682374,-0.042044654,0.02180463,0.027031085
LinearAcceleration,238682375,0.081702136,-0.1074398,0.06359598
Gyroscope,238682394,-0.044175185,0.0143477805,0.015313176
LinearAcceleration,238682395,0.12943652,-0.05865794,0.08664017
Gyroscope,238682414,-0.04097939,-0.0016311861,0.00892159
LinearAcceleration,238682415,0.12823942,-0.017357962,0.10100538
Gyroscope,238682434,-0.036718335,-0.017610153,0.011052119
LinearAcceleration,238682435,0.06000468,-0.0350152,0.10055647
Gyroscope,238682455,-0.034587804,-0.026132269,0.011052119
LinearAcceleration,238682456,-0.049230773,0.007631518,0.07272387
Gyroscope,238682474,-0.03352254,-0.021871211,0.011052119
LinearAcceleration,238682475,-0.08200141,-0.025288755,0.040551793
Gyroscope,238682494,-0.03139201,-0.010153302,0.011052119
LinearAcceleration,238682495,-0.09442133,-0.027533319,0.0058358666
Gyroscope,238682514,-0.027130954,0.005825665,0.007856325
LinearAcceleration,238682515,-0.052223526,-0.014814123,-0.012120646
Gyroscope,238682534,-0.02180463,0.0143477805,0.0057257963
LinearAcceleration,238682535,0.032022446,0.026934769,0.06404489
Gyroscope,238682554,-0.0143477805,0.010086723,0.004660532
LinearAcceleration,238682555,0.08544307,-0.010025719,0.0887351
Gyroscope,238682574,-0.010086723,-0.0026964506,0.002530003
LinearAcceleration,238682575,0.08140286,-0.025288755,0.10010756
Gyroscope,238682594,-0.009021458,-0.016544888,0.0014647386
LinearAcceleration,238682595,0.08678981,-0.05626374,0.07212532
Gyroscope,238682614,-0.013282516,-0.029328061,0.002530003
LinearAcceleration,238682615,0.05057751,-0.044891283,0.051774614
Gyroscope,238682634,-0.015413045,-0.037850175,3.9947417E-4
LinearAcceleration,238682635,0.018555064,0.0055365916,0.036661215
Gyroscope,238682654,-0.013282516,-0.0431765,-0.0017310547
LinearAcceleration,238682655,-0.023343466,-0.010175358,0.004638766
Gyroscope,238682674,-0.009021458,-0.042111233,-0.0038615835
LinearAcceleration,238682675,-0.07317279,-0.06239888,-0.044143096
Gyroscope,238682694,-0.0068909293,-0.034654383,-0.008122642
LinearAcceleration,238682695,-0.08080431,0.020949265,-0.08619126
Gyroscope,238682714,0.003761715,-0.022936475,-6.657903E-4
LinearAcceleration,238682715,-0.053570263,-0.010025719,-0.087089084
Gyroscope,238682734,0.011218566,-0.017610153,0.004660532
LinearAcceleration,238682736,-0.004189853,-0.030376434,-0.05057751
Gyroscope,238682754,0.008022773,-0.016544888,0.00892159
LinearAcceleration,238682755,0.027982233,-0.08424597,-0.018405426
Gyroscope,238682774,-0.003695136,-0.021871211,0.007856325
LinearAcceleration,238682775,0.051026423,-0.12180501,-0.025288755
Gyroscope,238682803,-0.018608838,-0.028262798,0.0014647386
LinearAcceleration,238682804,0.032172084,-0.036661215,-0.013916298
Gyroscope,238682814,-0.018608838,-0.029328061,0.004660532
LinearAcceleration,238682815,-0.010175358,-0.05686229,-0.035913024
Gyroscope,238682834,-0.0143477805,-0.027197532,0.006791061
LinearAcceleration,238682835,0.018255789,-0.10115502,-0.033668462
Gyroscope,238682854,-0.01647831,-0.026132269,3.9947417E-4
LinearAcceleration,238682855,-0.009876082,-0.08200141,-0.038606502
Gyroscope,238682874,-0.0143477805,-0.022936475,-0.005992112
LinearAcceleration,238682875,-0.0175076,-0.08454525,-0.04444237
Gyroscope,238682894,-0.013282516,-0.021871211,-0.0102531705
LinearAcceleration,238682895,-0.021547815,-0.06823475,-0.040252518
Gyroscope,238682914,-0.01647831,-0.018675417,-0.013448963
LinearAcceleration,238682915,-0.007182605,-0.0016460137,-0.042197805
Gyroscope,238682934,-0.0143477805,-0.015479623,-0.008122642
LinearAcceleration,238682935,-0.010773907,-0.032770637,7.48188E-4
Gyroscope,238682955,-0.017543573,-0.013349094,-0.009187906
LinearAcceleration,238682956,-0.04504092,-0.050727148,-0.011971008
Gyroscope,238682974,-0.020739367,-0.01228383,-0.0102531705
LinearAcceleration,238682975,-0.026635494,-0.002992752,-0.045789108
Gyroscope,238682994,-0.019674102,-0.006957508,-0.002796319
LinearAcceleration,238682995,-0.054168813,-0.023343466,-0.029777884
Gyroscope,238683014,-0.017543573,4.993427E-4,0.006791061
LinearAcceleration,238683015,-0.023792379,-0.09487024,-0.030825347
Gyroscope,238683034,-0.026065689,-5.659217E-4,3.9947417E-4
LinearAcceleration,238683036,0.02932897,-0.036511578,-0.002244564
Gyroscope,238683054,-0.026065689,-0.008022773,-0.002796319
LinearAcceleration,238683055,0.07511808,-0.016460137,2.992752E-4
Gyroscope,238683074,-0.02180463,-0.019740682,0.0014647386
LinearAcceleration,238683084,0.054019175,-0.049230773,0.0043394906
Gyroscope,238683095,-0.02393516,-0.030393325,0.0014647386
LinearAcceleration,238683096,0.053869538,-2.992752E-4,0.040252518
Gyroscope,238683114,-0.019674102,-0.039980706,0.006791061
LinearAcceleration,238683115,0.019153614,-0.0664391,0.026485857
Gyroscope,238683134,-0.019674102,-0.04637229,0.004660532
LinearAcceleration,238683135,0.001496376,-0.012270284,-0.014664485
Gyroscope,238683154,-0.0143477805,-0.04637229,0.0035952674
LinearAcceleration,238683155,-0.041150343,0.0053869537,-0.009427169
Gyroscope,238683174,-0.0068909293,-0.0431765,0.004660532
LinearAcceleration,238683175,-0.058358666,-0.03606266,-0.02558803
Gyroscope,238683194,-0.005825665,-0.039980706,3.9947417E-4
LinearAcceleration,238683195,-0.06344634,-0.011671733,0.0023942017
Gyroscope,238683214,-0.005825665,-0.032523856,-0.0017310547
LinearAcceleration,238683215,-0.092176765,-0.047285482,-0.023343466
Gyroscope,238683234,-0.007956194,-0.022936475,-0.005992112
LinearAcceleration,238683235,-0.10354923,-0.06254852,-0.03755904
Gyroscope,238683254,-0.007956194,-0.008022773,-0.005992112
LinearAcceleration,238683255,-0.14694414,-0.036361936,-0.05057751
Gyroscope,238683274,-0.0047604004,0.010086723,0.0014647386
LinearAcceleration,238683275,-0.10564415,-0.1273416,-0.066139825
Gyroscope,238683294,-0.011151987,0.027130954,0.006791061
LinearAcceleration,238683295,-0.09202713,-0.12629414,-0.024690205
Gyroscope,238683314,-0.020739367,0.04097939,0.00892159
LinearAcceleration,238683315,-0.067336924,-0.08065467,-0.057161566
Gyroscope,238683334,-0.025000425,0.054827828,0.00892159
LinearAcceleration,238683336,0.004638766,0.033518825,-0.031423897
Gyroscope,238683354,-0.015413045,0.06441521,0.015313176
LinearAcceleration,238683356,0.07317279,-0.018854339,-2.992752E-4
Gyroscope,238683374,-0.011151987,0.06548047,0.020639498
LinearAcceleration,238683375,0.09008184,-0.082899235,0.026934769
Gyroscope,238683394,-0.017543573,0.06015415,0.022770027
LinearAcceleration,238683395,0.14215572,-0.11941081,0.088585466
Gyroscope,238683414,-0.028196217,0.048436243,0.018508969
LinearAcceleration,238683415,0.16475101,-0.09412205,0.10160393
Gyroscope,238683434,-0.03352254,0.029261483,0.009986854
LinearAcceleration,238683435,0.16370355,-0.0019452889,0.0676362
Gyroscope,238683455,-0.026065689,0.007956194,0.002530003
LinearAcceleration,238683456,0.1225532,-0.023193829,0.054468088
Gyroscope,238683474,-0.017543573,-0.011218566,-0.0070573767
LinearAcceleration,238683475,0.045190558,0.0073322426,0.046986207
Gyroscope,238683494,-0.012217252,-0.025067003,-0.015579492
LinearAcceleration,238683495,-0.014664485,0.004638766,0.03007716
Gyroscope,238683514,-0.0068909293,-0.029328061,-0.014514227
LinearAcceleration,238683515,-0.1086369,-0.03935469,-0.008230069
Gyroscope,238683534,-0.0068909293,-0.021871211,-0.0049268478
LinearAcceleration,238683535,-0.06015432,-0.11626842,-0.004189853
Gyroscope,238683554,-0.017543573,-0.016544888,-6.657903E-4
LinearAcceleration,238683555,-0.05641338,-0.042945992,0.0043394906
Gyroscope,238683574,-0.015413045,-0.01228383,0.004660532
LinearAcceleration,238683575,-0.034715924,-0.080056116,0.0028431145
Gyroscope,238683594,-0.015413045,-0.011218566,-0.002796319
LinearAcceleration,238683595,-0.028580783,-0.05955577,0.008678981
Gyroscope,238683614,-0.020739367,-0.010153302,-0.009187906
LinearAcceleration,238683615,-0.02932897,0.021996727,0.0016460137
Gyroscope,238683634,-0.0143477805,-0.003761715,0.0014647386
LinearAcceleration,238683635,-0.011222821,0.004040215,4.4891282E-4
Gyroscope,238683654,-0.011151987,0.003695136,0.015313176
LinearAcceleration,238683655,0.06135142,-0.06284779,0.048033673
Gyroscope,238683674,-0.013282516,0.0026298715,0.019574234
LinearAcceleration,238683675,0.09980828,-0.12838906,0.09053075
Gyroscope,238683694,-0.018608838,-0.010153302,0.0057257963
LinearAcceleration,238683695,0.1189619,-0.050278235,0.09920973
Gyroscope,238683714,-0.0143477805,-0.029328061,-0.014514227
LinearAcceleration,238683715,0.12000936,0.051624972,0.041599255
Gyroscope,238683734,0.0058922437,-0.04637229,-0.023036344
LinearAcceleration,238683735,0.06748656,-0.0025438394,0.03995324
Gyroscope,238683754,0.015479623,-0.06022073,-0.02942793
LinearAcceleration,238683756,0.019602526,-0.12419921,0.028431145
Gyroscope,238683774,0.003761715,-0.06767758,-0.040080573
LinearAcceleration,238683775,-0.032920275,-0.09950901,-0.0020949265
Gyroscope,238683795,-0.009021458,-0.06767758,-0.046472162
LinearAcceleration,238683796,-0.06180033,-0.02184709,-0.039504327
Gyroscope,238683814,-0.007956194,-0.06235126,-0.032623723
LinearAcceleration,238683815,-0.10130466,0.06628946,-0.035314474
Gyroscope,238683834,0.0016311861,-0.05063335,-0.0102531705
LinearAcceleration,238683835,-0.048482586,-0.08574235,-0.008828619
Gyroscope,238683855,-0.003695136,-0.044241764,-0.0070573767
LinearAcceleration,238683856,-0.02498948,-0.11866262,7.48188E-4
Gyroscope,238683874,-0.013282516,-0.042111233,-0.012383699
LinearAcceleration,238683875,-0.03247136,-0.016011223,-0.0047884034
Gyroscope,238683894,-0.011151987,-0.037850175,-0.008122642
LinearAcceleration,238683895,-0.019153614,1.496376E-4,-0.014514848
Gyroscope,238683914,-0.010086723,-0.033589117,-0.0038615835
LinearAcceleration,238683916,-0.031124622,-0.048033673,-0.008978256
Gyroscope,238683934,-0.013282516,-0.027197532,-0.002796319
LinearAcceleration,238683935,-0.041449618,-0.05192425,-0.018405426
Gyroscope,238683955,-0.015413045,-0.019740682,-0.0038615835
LinearAcceleration,238683956,-0.029628245,-0.06374562,-0.016460137
Gyroscope,238683974,-0.017543573,-0.013349094,-0.008122642
LinearAcceleration,238683975,-0.032022446,-0.025438393,-0.01690905
Gyroscope,238683994,-0.010086723,-0.009088038,-0.0102531705
LinearAcceleration,238683995,0.005087679,-0.043394905,0.018854339
Gyroscope,238684014,-0.0047604004,-0.009088038,-0.009187906
LinearAcceleration,238684015,0.027533319,-0.11507132,0.002992752
Gyroscope,238684034,-0.011151987,-0.014414359,-0.013448963
LinearAcceleration,238684036,0.028580783,-0.07676409,-0.0043394906
Gyroscope,238684054,-0.015413045,-0.017610153,-0.012383699
LinearAcceleration,238684055,0.014664485,-0.06808511,8.9782564E-4
Gyroscope,238684075,-0.020739367,-0.018675417,-0.011318435
LinearAcceleration,238684076,-0.027383681,-0.074818805,-0.007930793
Gyroscope,238684094,-0.022869896,-0.015479623,-0.0102531705
LinearAcceleration,238684095,-0.017956512,-0.040851068,-0.01436521
Gyroscope,238684115,-0.022869896,-0.013349094,-0.0102531705
LinearAcceleration,238684116,-0.028431145,-0.069132574,-0.0350152
Gyroscope,238684134,-0.020739367,-0.01228383,-0.008122642
LinearAcceleration,238684135,0.008828619,-0.09950901,0.0
Gyroscope,238684155,-0.022869896,-0.013349094,-0.009187906
LinearAcceleration,238684156,0.011372458,-0.09142858,0.005985504
Gyroscope,238684175,-0.030326746,-0.014414359,-0.012383699
LinearAcceleration,238684176,0.049530048,-0.044891283,-0.026785132
Gyroscope,238684195,-0.032457277,-0.016544888,-0.012383699
LinearAcceleration,238684196,-0.0010474633,-0.026785132,0.007930793
Gyroscope,238684215,-0.026065689,-0.019740682,-0.009187906
LinearAcceleration,238684216,0.005985504,-0.08065467,0.010923545
Gyroscope,238684235,-0.030326746,-0.021871211,-0.014514227
LinearAcceleration,238684236,0.023044191,-0.03247136,0.024091655
Gyroscope,238684255,-0.029261483,-0.022936475,-0.016644757
LinearAcceleration,238684256,0.004938041,0.013916298,0.005985504
Gyroscope,238684274,-0.019674102,-0.022936475,-0.015579492
LinearAcceleration,238684276,-0.009277532,0.011971008,0.037858315
Gyroscope,238684295,-0.0143477805,-0.022936475,-0.014514227
LinearAcceleration,238684296,0.012719196,-0.0025438394,0.007930793
Gyroscope,238684313,-0.011151987,-0.026132269,-0.014514227
LinearAcceleration,238684314,0.0070329676,-0.042048167,0.02558803
Gyroscope,238686335,-0.013282516,-0.030393325,-0.015579492
LinearAcceleration,238686342,-0.011522096,-0.043245267,0.010923545
Gyroscope,238686343,-0.010086723,-0.03145859,-0.009187906
LinearAcceleration,238686343,-0.005087679,-0.070778586,0.022744916
Gyroscope,238686343,-0.015413045,-0.029328061,-0.009187906
LinearAcceleration,238686344,0.008379706,-0.02184709,-0.020201078
Gyroscope,238686344,-0.011151987,-0.027197532,-0.008122642
LinearAcceleration,238686345,-0.027682956,-0.09142858,-0.0034416649
Gyroscope,238686345,-0.013282516,-0.026132269,-0.018775286
LinearAcceleration,238686346,-0.014215573,-0.09247604,0.023044191
Gyroscope,238686346,-0.02393516,-0.028262798,-0.035819516
LinearAcceleration,238686346,0.0031423897,0.08499416,0.033518825
Gyroscope,238686347,-0.0026298715,0.027130954,-6.657903E-4
LinearAcceleration,238686348,0.21083939,-0.06075287,-0.048033673
Gyroscope,238686348,-0.003695136,0.017543573,-0.0102531705
LinearAcceleration,238686348,0.1738789,-0.009427169,-0.06194997
Gyroscope,238686349,0.0026964506,0.012217252,-0.009187906
LinearAcceleration,238686349,0.15861586,0.075417355,-0.09008184
Gyroscope,238686350,-0.010086723,-0.0048269792,-0.002796319
LinearAcceleration,238686350,0.08379706,-0.03606266,-0.05761048
Gyroscope,238686350,-0.012217252,-0.0058922437,-0.012383699
LinearAcceleration,238686351,0.07736264,0.038007952,-0.07855974
Gyroscope,238686351,-0.0047604004,-0.0026964506,-0.012383699
LinearAcceleration,238686352,0.043544542,0.0031423897,-0.07466917
Gyroscope,238686354,-0.0015646071,0.005825665,-0.005992112
LinearAcceleration,238686355,0.0338181,-0.020949265,-0.054019175
Gyroscope,238686374,-0.005825665,0.0143477805,-0.002796319
LinearAcceleration,238686374,0.055066638,5.985504E-4,-0.047734395
Gyroscope,238686394,-0.005825665,0.019674102,-0.0017310547
LinearAcceleration,238686394,0.09172785,0.019752163,-0.049081136
Gyroscope,238686414,-0.0015646071,0.017543573,-0.0017310547
LinearAcceleration,238686414,0.11566987,-0.010324995,-0.050876785
Gyroscope,238686436,0.0026964506,0.0143477805,-0.002796319
LinearAcceleration,238686437,0.11028291,-0.027084406,-0.032770637
Gyroscope,238686455,0.0016311861,0.012217252,-6.657903E-4
LinearAcceleration,238686456,0.09771336,-0.004489128,-0.04563947
Gyroscope,238686475,5.659217E-4,0.011151987,3.9947417E-4
LinearAcceleration,238686477,0.087538,0.0038905777,-0.04070143
Gyroscope,238686495,0.003761715,0.010086723,0.0035952674
LinearAcceleration,238686497,0.10848726,-0.060902506,-0.059705406
Gyroscope,238686515,0.0026964506,0.009021458,0.002530003
LinearAcceleration,238686516,0.09711481,-0.07047931,-0.045190558
Gyroscope,238686535,-0.003695136,0.007956194,0.0014647386
LinearAcceleration,238686537,0.07511808,-0.056114104,-0.076015905
Gyroscope,238686555,-0.005825665,0.0068909293,0.0035952674
LinearAcceleration,238686557,0.09950901,-0.044292733,-0.060303956
Gyroscope,238686575,-0.007956194,0.0068909293,0.004660532
LinearAcceleration,238686576,0.09427169,-0.023942016,-0.037409402
Gyroscope,238686595,-0.007956194,0.005825665,0.006791061
LinearAcceleration,238686596,0.084096335,-0.027533319,-0.03247136
Gyroscope,238686616,-0.007956194,0.005825665,0.0057257963
LinearAcceleration,238686617,0.09427169,-0.076614454,-0.025288755
Gyroscope,238686635,-0.011151987,0.005825665,0.0057257963
LinearAcceleration,238686637,0.100855745,-0.022744916,-0.034715924
Gyroscope,238686655,-0.011151987,0.005825665,0.006791061
LinearAcceleration,238686657,0.0966659,-0.02873042,-0.027533319
Gyroscope,238686676,-0.011151987,0.005825665,0.0057257963
LinearAcceleration,238686677,0.08664017,-0.005985504,-0.030974984
Gyroscope,238686695,-0.012217252,0.0047604004,-6.657903E-4
LinearAcceleration,238686697,0.07062895,0.01316811,-0.027234044
Gyroscope,238686716,-0.007956194,0.007956194,0.002530003
LinearAcceleration,238686717,0.07736264,-0.022894554,-0.038905777
Gyroscope,238686735,-0.0047604004,0.011151987,0.007856325
LinearAcceleration,238686737,0.09816227,-0.06479308,-0.05327099
Gyroscope,238686755,-0.007956194,0.013282516,0.00892159
LinearAcceleration,238686757,0.110731825,-0.026485857,-0.02439093
Gyroscope,238686775,-0.003695136,0.011151987,0.006791061
LinearAcceleration,238686777,0.09816227,-0.1388637,-0.018555064
Gyroscope,238686796,-0.013282516,0.005825665,-0.008122642
LinearAcceleration,238686797,0.078410104,-0.04189853,-0.023343466
Gyroscope,238686815,-0.017543573,0.005825665,-0.012383699
LinearAcceleration,238686816,0.07347207,0.040551793,-0.02558803
Gyroscope,238686835,-0.010086723,0.013282516,3.9947417E-4
LinearAcceleration,238686836,0.074220255,0.002244564,-0.008828619
Gyroscope,238686856,-0.0068909293,0.017543573,0.006791061
LinearAcceleration,238686857,0.09935937,-0.018555064,-0.0031423897
Gyroscope,238686876,-0.0047604004,0.018608838,0.006791061
LinearAcceleration,238686877,0.09726445,-0.022595279,0.01810615
Gyroscope,238686896,0.0016311861,0.0143477805,0.002530003
LinearAcceleration,238686897,0.101454295,-0.029628245,0.009576807
Gyroscope,238686916,0.008022773,0.009021458,-6.657903E-4
LinearAcceleration,238686917,0.13063364,-0.05117606,-0.016759412
Gyroscope,238686936,0.009088038,0.0047604004,0.0014647386
LinearAcceleration,238686937,0.07975684,-0.09531915,-0.010923545
Gyroscope,238686955,0.003761715,0.003695136,0.0014647386
LinearAcceleration,238686957,0.07571663,-0.107140526,-0.008678981
Gyroscope,238686976,-0.0015646071,0.003695136,-0.0017310547
LinearAcceleration,238686977,0.07167641,-0.05925649,-0.037409402
Gyroscope,238686996,-0.003695136,0.005825665,-0.0017310547
LinearAcceleration,238686997,0.05701193,0.004040215,-0.04070143
Gyroscope,238687016,0.0026964506,0.009021458,0.0057257963
LinearAcceleration,238687017,0.0947206,-0.092775315,-0.020500353
Gyroscope,238687036,-4.993427E-4,0.0047604004,-0.0017310547
LinearAcceleration,238687037,0.07032967,-0.08080431,-0.0062847794
Gyroscope,238687056,-0.009021458,-5.659217E-4,-0.013448963
LinearAcceleration,238687057,0.027084406,0.017357962,-0.004938041
Gyroscope,238687075,-0.003695136,4.993427E-4,-0.0102531705
LinearAcceleration,238687076,0.035164837,-0.012569559,-0.01690905
Gyroscope,238687096,5.659217E-4,0.0047604004,-0.002796319
LinearAcceleration,238687097,0.038606502,-0.0676362,-0.015711948
Gyroscope,238687116,-0.0015646071,0.0068909293,3.9947417E-4
LinearAcceleration,238687117,0.058508303,-0.011222821,0.004638766
Gyroscope,238687136,-0.0015646071,0.007956194,3.9947417E-4
LinearAcceleration,238687137,0.06299743,-0.018405426,0.022445641
Gyroscope,238687156,0.0026964506,0.0068909293,-0.0017310547
LinearAcceleration,238687157,0.067336924,0.03067571,-2.992752E-4
Gyroscope,238687176,0.01228383,0.0026298715,-0.002796319
LinearAcceleration,238687177,0.06569091,0.022296004,0.005686229
Gyroscope,238687196,0.019740682,-5.659217E-4,-6.657903E-4
LinearAcceleration,238687197,0.07706337,-0.087687634,-0.0010474633
Gyroscope,238687216,0.014414359,-0.0016311861,-0.002796319
LinearAcceleration,238687217,0.051475335,-0.09127894,-0.022595279
Gyroscope,238687236,0.010153302,-0.0016311861,-0.0038615835
LinearAcceleration,238687237,0.042796355,-0.057760116,-0.053570263
Gyroscope,238687256,0.009088038,-5.659217E-4,-0.0038615835
LinearAcceleration,238687257,0.016460137,-0.04833295,-0.049829323
Gyroscope,238687275,0.010153302,0.0015646071,-0.002796319
LinearAcceleration,238687276,0.04249708,-0.06748656,-0.05686229
Gyroscope,238687296,0.006957508,0.0047604004,-0.0017310547
LinearAcceleration,238687297,0.043394905,-0.10100538,-0.05327099
Gyroscope,238687316,0.0016311861,0.005825665,3.9947417E-4
LinearAcceleration,238687317,0.03232172,-0.045938745,-0.03875614
Gyroscope,238687336,-0.0015646071,0.0068909293,3.9947417E-4
LinearAcceleration,238687337,0.04997896,0.011372458,-0.0338181
Gyroscope,238687356,0.0026964506,0.007956194,0.0035952674
LinearAcceleration,238687357,0.07107786,-0.04129998,-0.052822076
Gyroscope,238687375,0.0026964506,0.0068909293,0.0035952674
LinearAcceleration,238687377,0.04683657,-0.0724246,-0.026485857
Gyroscope,238687396,-0.0026298715,0.0068909293,0.0014647386
LinearAcceleration,238687397,0.0537199,-0.0017956513,-0.04070143
Gyroscope,238687416,-4.993427E-4,0.007956194,0.006791061
LinearAcceleration,238687417,0.05581483,-0.024540568,-0.009576807
Gyroscope,238687435,-0.0026298715,0.007956194,0.002530003
LinearAcceleration,238687437,0.06374562,-0.01616086,-0.023792379
Gyroscope,238687456,-0.003695136,0.0068909293,-0.0017310547
LinearAcceleration,238687457,0.050278235,0.02439093,-0.04623802
Gyroscope,238687476,0.0058922437,0.009021458,0.006791061
LinearAcceleration,238687477,0.08215105,-0.05940613,-0.040102877
Gyroscope,238687496,0.003761715,0.010086723,0.0057257963
LinearAcceleration,238687497,0.07092822,-0.0068833297,-0.045938745
Gyroscope,238687516,0.008022773,0.0068909293,0.007856325
LinearAcceleration,238687517,0.08948329,-0.10848726,-0.013766659
Gyroscope,238687536,-4.993427E-4,0.0015646071,-0.005992112
LinearAcceleration,238687537,0.061501056,-0.095169514,-0.011522096
Gyroscope,238687556,-0.012217252,-0.0016311861,-0.01771002
LinearAcceleration,238687557,0.046686932,0.028431145,-0.04129998
Gyroscope,238687576,-0.005825665,0.0047604004,-0.0049268478
LinearAcceleration,238687577,0.016609775,0.012868834,-0.016011223
Gyroscope,238687596,-0.0015646071,0.010086723,0.004660532
LinearAcceleration,238687597,0.05581483,-0.0134673845,-0.0028431145
Gyroscope,238687616,0.0016311861,0.010086723,0.006791061
LinearAcceleration,238687617,0.082899235,-0.030226797,0.018555064
Gyroscope,238687636,0.008022773,0.005825665,0.0057257963
LinearAcceleration,238687637,0.07646482,-0.0923264,0.0016460137
Gyroscope,238687656,0.008022773,4.993427E-4,3.9947417E-4
LinearAcceleration,238687657,0.0700304,-0.050427873,-0.044891283
Gyroscope,238687676,0.009088038,-0.003761715,0.002530003
LinearAcceleration,238687677,0.06479308,-0.095768064,-0.009277532
Gyroscope,238687696,0.0026964506,-0.0048269792,0.002530003
LinearAcceleration,238687697,0.06194997,-0.11372458,-0.020051438
Gyroscope,238687716,-0.0068909293,-0.006957508,-0.005992112
LinearAcceleration,238687717,0.060453594,-0.023942016,-0.03321955
Gyroscope,238687736,-0.0015646071,-0.006957508,-0.0038615835
LinearAcceleration,238687737,0.0398036,-0.0035913025,-0.04129998
Gyroscope,238687756,5.659217E-4,-0.0026964506,0.002530003
LinearAcceleration,238687757,0.021697452,-0.04070143,0.007631518
Gyroscope,238687776,-4.993427E-4,-0.0026964506,0.0014647386
LinearAcceleration,238687777,0.06075287,-0.10878654,-0.002244564
Gyroscope,238687796,-0.007956194,-0.0058922437,-0.013448963
LinearAcceleration,238687797,0.034267012,-0.009427169,-0.024839843
Gyroscope,238687816,-0.0026298715,-0.0048269792,-0.013448963
LinearAcceleration,238687817,0.020949265,0.039504327,-0.023343466
Gyroscope,238687836,0.006957508,-0.0016311861,-0.002796319
LinearAcceleration,238687837,0.052971713,0.0035913025,0.013617022
Gyroscope,238687856,0.006957508,-0.0026964506,0.0014647386
LinearAcceleration,238687857,0.046686932,-0.009427169,0.006434417
Gyroscope,238687876,0.0058922437,-0.003761715,3.9947417E-4
LinearAcceleration,238687877,0.030974984,-0.027383681,0.0026934769
Gyroscope,238687896,0.006957508,-0.003761715,-0.0017310547
LinearAcceleration,238687897,0.033069912,-0.022595279,-0.013916298
Gyroscope,238687916,0.009088038,-0.0026964506,-0.0017310547
LinearAcceleration,238687917,0.034117375,0.004938041,-0.022146367
Gyroscope,238687936,0.014414359,-5.659217E-4,-0.0049268478
LinearAcceleration,238687937,0.017208325,0.007182605,-0.03755904
Gyroscope,238687956,0.021871211,0.003695136,-0.005992112
LinearAcceleration,238687958,0.014514848,-0.07347207,-0.021996727
Gyroscope,238687976,0.018675417,0.005825665,-0.0070573767
LinearAcceleration,238687977,0.03321955,-0.1249474,-0.021697452
Gyroscope,238687996,0.010153302,0.0068909293,-0.009187906
LinearAcceleration,238687997,0.028281508,-0.07227496,-0.038456865
Gyroscope,238688016,0.0058922437,0.009021458,-0.0070573767
LinearAcceleration,238688017,0.01616086,-0.01616086,-0.051325697
Gyroscope,238688036,0.009088038,0.010086723,3.9947417E-4
LinearAcceleration,238688037,0.002992752,-0.03546411,-0.05117606
Gyroscope,238688056,0.01228383,0.013282516,0.004660532
LinearAcceleration,238688057,-0.037409402,-0.039055414,-0.039055414
Gyroscope,238688076,0.01228383,0.019674102,0.007856325
LinearAcceleration,238688077,-0.05761048,-0.04504092,-0.048482586
Gyroscope,238688096,0.011218566,0.030326746,0.009986854
LinearAcceleration,238688097,-0.08364742,-0.0688333,-0.045489833
Gyroscope,238688116,0.006957508,0.04310992,0.006791061
LinearAcceleration,238688117,-0.10295067,-0.033668462,-0.03232172
Gyroscope,238688136,0.0048269792,0.06228468,0.0014647386
LinearAcceleration,238688137,-0.08559271,-0.033518825,-0.07407062
Gyroscope,238688156,0.009088038,0.0825247,-6.657903E-4
LinearAcceleration,238688157,-0.0525228,0.0058358666,-0.06015432
Gyroscope,238688176,0.017610153,0.09956893,3.9947417E-4
LinearAcceleration,238688177,-0.028431145,-0.04938041,-0.021098902
Gyroscope,238688196,0.018675417,0.10809105,-0.005992112
LinearAcceleration,238688197,0.034117375,-0.048482586,-0.005985504
Gyroscope,238688216,0.015479623,0.10702579,-0.009187906
LinearAcceleration,238688217,0.06539164,-0.038606502,0.005985504
Gyroscope,238688236,0.018675417,0.103829995,-0.0017310547
LinearAcceleration,238688237,0.10474633,-0.05701193,-0.043993454
Gyroscope,238688256,0.015479623,0.09530788,0.0014647386
LinearAcceleration,238688257,0.12449849,-0.0052373162,0.004489128
Gyroscope,238688276,0.018675417,0.08145944,0.011052119
LinearAcceleration,238688277,0.1643021,-0.13976152,0.023343466
Gyroscope,238688296,0.0048269792,0.05802362,0.0014647386
LinearAcceleration,238688297,0.16115971,-0.042646717,0.015711948
Gyroscope,238688316,-0.0068909293,0.038848862,-0.0049268478
LinearAcceleration,238688318,0.10968436,-0.011971008,0.0067336923
Gyroscope,238688336,-0.0068909293,0.028196217,0.007856325
LinearAcceleration,238688337,0.09142858,-0.057760116,0.0
Gyroscope,238688991,-0.009021458,0.02180463,0.014247912
LinearAcceleration,238688991,0.08604162,-0.03875614,-0.013916298
Gyroscope,238688992,-0.0047604004,0.01647831,0.014247912
LinearAcceleration,238688992,0.06060323,7.48188E-4,0.0028431145
Gyroscope,238688993,0.0058922437,0.012217252,0.012117383
LinearAcceleration,238688993,0.036361936,-0.09726445,0.009876082
Gyroscope,238688993,0.003761715,0.010086723,-6.657903E-4
LinearAcceleration,238688994,0.032621,-0.032621,-0.02124854
Gyroscope,238688994,0.006957508,0.010086723,-0.0038615835
LinearAcceleration,238688995,0.051475335,-0.027982233,-0.033069912
Gyroscope,238688995,0.013349094,0.007956194,-6.657903E-4
LinearAcceleration,238688996,0.042796355,-0.07571663,0.001496376
Gyroscope,238688998,0.0026964506,0.0015646071,0.0035952674
LinearAcceleration,238688999,0.035314474,0.0034416649,0.034865562
Gyroscope,238688999,0.020805946,-0.0879176,0.017443705
LinearAcceleration,238689000,0.053869538,-0.0037409402,-0.11028291
Gyroscope,238689000,0.021871211,-0.074069165,0.004660532
LinearAcceleration,238689001,0.041449618,0.061650693,-0.09935937
Gyroscope,238689001,0.035719648,-0.059155464,0.012117383
LinearAcceleration,238689001,0.109534726,-0.049230773,-0.097862996
Gyroscope,238689015,0.03891544,-0.051698614,0.01637844
LinearAcceleration,238689015,0.12689269,-0.019303251,-0.1038485
Gyroscope,238689035,0.037850175,-0.049568087,0.023835292
LinearAcceleration,238689035,0.15906477,-0.08319851,-0.07526772
Gyroscope,238689055,0.026132269,-0.054894406,0.022770027
LinearAcceleration,238689055,0.15382746,-0.18629882,-0.055964466
Gyroscope,238689075,-4.993427E-4,-0.058090203,0.0131826475
LinearAcceleration,238689075,0.11043255,-0.090979666,-0.11836334
Gyroscope,238689095,-0.013282516,-0.05063335,0.01637844
LinearAcceleration,238689095,0.10684125,-0.04369418,-0.11207857
Gyroscope,238689116,-0.012217252,-0.042111233,0.021704763
LinearAcceleration,238689117,0.09950901,-0.029927522,-0.09172785
Gyroscope,238689136,-0.007956194,-0.036784913,0.017443705
LinearAcceleration,238689138,0.09816227,-0.05581483,-0.08664017
Gyroscope,238689157,-0.0015646071,-0.030393325,0.009986854
LinearAcceleration,238689158,0.10908581,-0.060902506,-0.10399814
Gyroscope,238689176,0.003761715,-0.025067003,0.0035952674
LinearAcceleration,238689178,0.12943652,-0.061501056,-0.09322423
Gyroscope,238689196,0.003761715,-0.019740682,0.006791061
LinearAcceleration,238689197,0.14095862,-0.13661914,-0.026934769
Gyroscope,238689216,-0.013282516,-0.019740682,0.0035952674
LinearAcceleration,238689217,0.1400608,-0.071975686,-0.034865562
Gyroscope,238689236,-0.028196217,-0.022936475,-0.005992112
LinearAcceleration,238689237,0.11507132,0.038606502,-0.06419453
Gyroscope,238689256,-0.018608838,-0.02400174,-0.002796319
LinearAcceleration,238689258,0.13437457,0.02633622,-0.069132574
Gyroscope,238689277,-0.011151987,-0.02400174,-6.657903E-4
LinearAcceleration,238689278,0.10699089,-0.11716624,-0.0163105
Gyroscope,238689296,-0.013282516,-0.027197532,-0.012383699
LinearAcceleration,238689298,0.11372458,-0.08948329,0.0
Gyroscope,238689316,-0.019674102,-0.033589117,-0.026232136
LinearAcceleration,238689317,0.12599486,0.039504327,-0.03546411
Gyroscope,238689336,-0.012217252,-0.036784913,-0.020905815
LinearAcceleration,238689337,0.12389994,0.048482586,-0.012419921
Gyroscope,238689356,-0.0047604004,-0.04104597,-0.012383699
LinearAcceleration,238689358,0.10130466,0.011671733,0.006434417
Gyroscope,238689376,-0.003695136,-0.044241764,-0.0070573767
LinearAcceleration,238689378,0.112976395,-0.044143096,-0.0175076
Gyroscope,238689396,-0.009021458,-0.04637229,-0.011318435
LinearAcceleration,238689398,0.0525228,-0.012719196,-0.039205052
Gyroscope,238689416,-0.007956194,-0.04637229,-0.01771002
LinearAcceleration,238689417,5.985504E-4,-0.040252518,-0.06299743
Gyroscope,238689436,-0.0047604004,-0.03891544,-0.018775286
LinearAcceleration,238689438,-0.02498948,-0.07032967,-0.061501056
Gyroscope,238689457,-0.0047604004,-0.028262798,-0.021971079
LinearAcceleration,238689458,0.01690905,-0.0053869537,-0.10190321
Gyroscope,238689476,-4.993427E-4,-0.016544888,-0.01984055
LinearAcceleration,238689477,0.037259765,-0.039653964,-0.07885902
Gyroscope,238689497,0.0016311861,-0.010153302,-0.013448963
LinearAcceleration,238689498,0.085891984,-0.092176765,-0.017956512
Gyroscope,238689516,-0.0047604004,-0.013349094,-0.0102531705
LinearAcceleration,238689518,0.11387422,-0.12434885,-0.0013467384
Gyroscope,238689536,-0.015413045,-0.019740682,-0.009187906
LinearAcceleration,238689538,0.10055647,-0.13093291,0.0020949265
Gyroscope,238689556,-0.02393516,-0.026132269,-0.0102531705
LinearAcceleration,238689558,0.08723872,-0.107140526,-2.992752E-4
Gyroscope,238689576,-0.030326746,-0.032523856,-0.013448963
LinearAcceleration,238689578,0.099060096,-0.032920275,-0.014814123
Gyroscope,238689596,-0.030326746,-0.03891544,-0.014514227
LinearAcceleration,238689598,0.054019175,-0.030376434,0.015711948
Gyroscope,238689616,-0.027130954,-0.03891544,-0.012383699
LinearAcceleration,238689618,0.0028431145,-0.030526072,0.010773907
Gyroscope,238689637,-0.028196217,-0.032523856,-0.012383699
LinearAcceleration,238689638,-0.027982233,-0.045190558,-1.496376E-4
Gyroscope,238689657,-0.028196217,-0.022936475,-0.013448963
LinearAcceleration,238689658,-0.0058358666,-0.034566287,-0.005087679
Gyroscope,238689677,-0.028196217,-0.014414359,-0.021971079
LinearAcceleration,238689678,-0.0074818805,0.049679685,-0.002244564
Gyroscope,238689697,-0.018608838,-0.008022773,-0.020905815
LinearAcceleration,238689698,0.012120646,0.079008654,-0.036361936
Gyroscope,238689717,0.0026964506,-0.0016311861,-0.0070573767
LinearAcceleration,238689718,0.081103586,-0.015562311,0.02813187
Gyroscope,238689736,0.003761715,-0.0058922437,-0.0038615835
LinearAcceleration,238689737,0.09726445,-0.026186582,-0.011372458
Gyroscope,238689757,-0.0015646071,-0.011218566,0.0035952674
LinearAcceleration,238689758,0.07766192,-0.10998364,4.4891282E-4
Gyroscope,238689777,-0.012217252,-0.015479623,3.9947417E-4
LinearAcceleration,238689778,0.08304887,-0.055964466,-0.025887307
Gyroscope,238689797,-0.020739367,-0.018675417,-0.0070573767
LinearAcceleration,238689798,0.052971713,0.092176765,-0.032621
Gyroscope,238689817,-0.010086723,-0.016544888,0.0035952674
LinearAcceleration,238689818,0.05746084,0.0035913025,0.018704701
Gyroscope,238689837,-0.005825665,-0.013349094,0.012117383
LinearAcceleration,238689838,0.092775315,-0.13138182,0.02558803
Gyroscope,238689857,-0.012217252,-0.015479623,0.00892159
LinearAcceleration,238689858,0.08020575,-0.041449618,0.017058687
Gyroscope,238689876,-0.011151987,-0.016544888,0.0014647386
LinearAcceleration,238689878,0.09292495,-0.021098902,0.0025438394
Gyroscope,238689897,-4.993427E-4,-0.020805946,-0.002796319
LinearAcceleration,238689898,0.09172785,-0.0712275,-0.029478608
Gyroscope,238689917,0.0016311861,-0.022936475,-0.008122642
LinearAcceleration,238689918,0.07631518,-0.049530048,0.004189853
Gyroscope,238689937,-4.993427E-4,-0.021871211,-0.0102531705
LinearAcceleration,238689938,0.03815759,-0.084096335,-0.0199018
Gyroscope,238689957,-0.0047604004,-0.018675417,-0.0102531705
LinearAcceleration,238689958,0.048033673,-0.06703765,-0.028880058
Gyroscope,238689976,-0.011151987,-0.01228383,-0.0070573767
LinearAcceleration,238689978,0.034715924,-0.019153614,-0.009726444
Gyroscope,238689997,-0.009021458,-0.006957508,0.0014647386
LinearAcceleration,238689998,0.052223526,-0.13033436,0.0043394906
Gyroscope,238690017,-0.015413045,-0.006957508,-0.0070573767
LinearAcceleration,238690018,0.07811083,-0.040551793,-0.018405426
Gyroscope,238690037,-0.015413045,-0.010153302,-0.015579492
LinearAcceleration,238690038,0.06928221,0.04444237,-0.03247136
Gyroscope,238690057,-0.0026298715,-0.014414359,-0.011318435
LinearAcceleration,238690058,0.0796072,0.0037409402,-0.010773907
Gyroscope,238690077,0.0026964506,-0.015479623,-0.0049268478
LinearAcceleration,238690078,0.058957215,-0.011821371,-0.0011971008
Gyroscope,238690097,0.008022773,-0.014414359,0.0057257963
LinearAcceleration,238690102,0.06928221,-0.16115971,0.05566519
Gyroscope,238690117,-0.0068909293,-0.013349094,0.002530003
LinearAcceleration,238690118,0.043843817,-0.09636662,0.0026934769
Gyroscope,238690136,-0.020739367,-0.010153302,-0.005992112
LinearAcceleration,238690136,0.04189853,0.011522096,-0.026485857
Gyroscope,238690155,-0.012217252,-0.003761715,-0.002796319
LinearAcceleration,238690156,0.08200141,0.025737667,-0.027533319
Gyroscope,238690176,-0.003695136,0.0015646071,-0.002796319
LinearAcceleration,238690176,0.0851438,-0.042347442,0.011821371
Gyroscope,238690195,5.659217E-4,0.0015646071,-0.0049268478
LinearAcceleration,238690196,0.107140526,-0.13901334,0.04369418
Gyroscope,238690215,-0.005825665,-0.003761715,-0.015579492
LinearAcceleration,238690216,0.0815525,-0.089782566,0.023044191
Gyroscope,238690235,-0.010086723,-0.009088038,-0.021971079
LinearAcceleration,238690236,0.058209028,5.985504E-4,-0.0047884034
Gyroscope,238690255,-0.0047604004,-0.013349094,-0.021971079
LinearAcceleration,238690256,0.048033673,0.10654198,-0.034865562
Gyroscope,238690275,0.017610153,-0.01228383,-0.005992112
LinearAcceleration,238690276,0.029478608,-0.04070143,0.0074818805
Gyroscope,238690297,0.019740682,-0.010153302,0.004660532
LinearAcceleration,238690298,0.009277532,-0.18959084,0.042048167
Gyroscope,238690317,-4.993427E-4,-0.010153302,-0.0038615835
LinearAcceleration,238690318,0.046088383,-0.037409402,0.010773907
Gyroscope,238690337,-0.0015646071,-0.011218566,-6.657903E-4
LinearAcceleration,238690338,0.06374562,-0.10908581,0.017657237
Gyroscope,238690357,-0.005825665,-0.017610153,-0.0038615835
LinearAcceleration,238690358,0.043843817,-0.11252748,0.04249708
Gyroscope,238690377,-0.011151987,-0.021871211,-0.009187906
LinearAcceleration,238690378,0.06958149,0.010175358,-0.025438393
Gyroscope,238690397,-0.0068909293,-0.025067003,-0.0070573767
LinearAcceleration,238690398,0.04504092,0.0011971008,0.011671733
Gyroscope,238690416,-0.003695136,-0.027197532,-6.657903E-4
LinearAcceleration,238690418,-0.009576807,-0.10803835,0.019602526
Gyroscope,238690437,-0.013282516,-0.027197532,-0.0038615835
LinearAcceleration,238690438,0.02184709,-0.0052373162,0.0020949265
Gyroscope,238690457,-0.011151987,-0.022936475,-0.0017310547
LinearAcceleration,238690458,0.028281508,0.07826047,0.029179333
Gyroscope,238690477,0.003761715,-0.019740682,0.009986854
LinearAcceleration,238690478,0.049829323,-0.09861118,0.008828619
Gyroscope,238690497,0.0048269792,-0.017610153,0.009986854
LinearAcceleration,238690498,0.029029695,-0.1467945,0.043544542
Gyroscope,238690517,-0.003695136,-0.015479623,0.0057257963
LinearAcceleration,238690518,0.001496376,-0.051026423,0.011073183
Gyroscope,238690537,-0.005825665,-0.013349094,0.004660532
LinearAcceleration,238690538,0.04189853,-0.036511578,0.009876082
Gyroscope,238690557,-0.0026298715,-0.01228383,0.0035952674
LinearAcceleration,238690558,0.06658874,-0.1273416,0.02498948
Gyroscope,238690577,-0.017543573,-0.014414359,-0.0102531705
LinearAcceleration,238690578,-0.004489128,-0.0700304,0.070180036
Gyroscope,238690597,-0.022869896,-0.010153302,-0.009187906
LinearAcceleration,238690598,0.027982233,0.008529344,0.03696049
Gyroscope,238690617,-0.01647831,-0.0058922437,-6.657903E-4
LinearAcceleration,238690618,0.06599019,0.041000705,0.05701193
Gyroscope,238690637,-0.005825665,-0.0048269792,0.007856325
LinearAcceleration,238690638,0.048931498,-0.009127894,0.06748656
Gyroscope,238690657,-0.0015646071,-0.0058922437,0.0057257963
LinearAcceleration,238690658,0.077213004,-0.036361936,0.06120178
Gyroscope,238690678,0.0026964506,-0.011218566,3.9947417E-4
LinearAcceleration,238690679,0.08738836,-4.4891282E-4,0.027533319
Gyroscope,238690697,0.013349094,-0.018675417,0.004660532
LinearAcceleration,238690698,0.1110311,-0.05581483,0.031423897
Gyroscope,238690717,0.014414359,-0.028262798,0.0057257963
LinearAcceleration,238690718,0.10040683,-0.11207857,0.048033673
Gyroscope,238690737,0.0048269792,-0.035719648,0.0014647386
LinearAcceleration,238690738,0.08544307,-0.11207857,0.090979666
Gyroscope,238690757,-0.0047604004,-0.0431765,0.0035952674
LinearAcceleration,238690758,0.07347207,-0.119261175,0.024540568
Gyroscope,238690777,-0.018608838,-0.044241764,0.004660532
LinearAcceleration,238690778,0.0815525,0.009427169,0.0074818805
Gyroscope,238690797,-0.011151987,-0.0431765,0.0131826475
LinearAcceleration,238690798,0.089184016,0.041748893,0.018255789
Gyroscope,238690817,0.0048269792,-0.04637229,0.0131826475
LinearAcceleration,238690818,0.057760116,-0.022445641,0.04743512
Gyroscope,238690837,0.006957508,-0.04850282,0.007856325
LinearAcceleration,238690838,0.058209028,-0.033369187,0.017657237
Gyroscope,238690857,0.008022773,-0.044241764,0.006791061
LinearAcceleration,238690858,0.012419921,-0.070778586,-0.012868834
Gyroscope,238690877,0.006957508,-0.034654383,0.006791061
LinearAcceleration,238690878,-0.016609775,-0.11387422,-0.0013467384
Gyroscope,238690897,-0.003695136,-0.02400174,-0.002796319
LinearAcceleration,238690898,-0.0070329676,-0.04878186,-0.0020949265
Gyroscope,238690917,-0.0026298715,-0.014414359,-0.009187906
LinearAcceleration,238690918,0.052373163,-0.02124854,-0.022296004
Gyroscope,238690937,0.003761715,-0.01228383,-0.015579492
LinearAcceleration,238690938,0.061650693,-0.038007952,0.009876082
Gyroscope,238690957,0.013349094,-0.014414359,-0.020905815
LinearAcceleration,238690958,0.06958149,-0.018854339,-0.013766659
Gyroscope,238690977,0.017610153,-0.019740682,-0.026232136
LinearAcceleration,238690978,0.047584757,-0.04070143,0.009576807
Gyroscope,238690997,0.019740682,-0.025067003,-0.026232136
LinearAcceleration,238690998,0.046686932,-0.036810853,-0.032770637
Gyroscope,238691017,0.019740682,-0.029328061,-0.020905815
LinearAcceleration,238691018,0.005985504,-0.06943185,0.0074818805
Gyroscope,238691037,0.016544888,-0.028262798,-0.013448963
LinearAcceleration,238691038,-0.011671733,-0.06344634,0.0053869537
Gyroscope,238691057,0.010153302,-0.026132269,-0.0070573767
LinearAcceleration,238691058,-0.002992752,-0.046387658,-0.018704701
Gyroscope,238691077,0.009088038,-0.022936475,-0.0017310547
LinearAcceleration,238691078,0.017657237,-0.084096335,-0.025288755
Gyroscope,238691097,0.006957508,-0.020805946,3.9947417E-4
LinearAcceleration,238691098,0.028281508,-0.05117606,-0.030825347
Gyroscope,238691117,0.01228383,-0.019740682,0.002530003
LinearAcceleration,238691118,0.032621,-0.038606502,0.009576807
Gyroscope,238691137,0.013349094,-0.016544888,0.0035952674
LinearAcceleration,238691138,0.050278235,-0.13422494,0.018704701
Gyroscope,238691157,0.0026964506,-0.017610153,-0.0038615835
LinearAcceleration,238691158,0.047135845,-0.062099606,0.020949265
Gyroscope,238691178,-0.0015646071,-0.018675417,-0.0049268478
LinearAcceleration,238691179,0.06628946,-0.060453594,0.005985504
Gyroscope,238691197,-0.003695136,-0.021871211,-0.002796319
LinearAcceleration,238691198,0.07272387,-0.11222821,0.011671733
Gyroscope,238691217,-0.012217252,-0.028262798,-0.0070573767
LinearAcceleration,238691218,0.0688333,-0.052373163,-0.0013467384
Gyroscope,238691237,-0.015413045,-0.035719648,-0.009187906
LinearAcceleration,238691238,0.044891283,0.001496376,-0.0020949265
Gyroscope,238691257,-0.010086723,-0.039980706,-6.657903E-4
LinearAcceleration,238691258,0.026635494,-0.11312603,0.019153614
Gyroscope,238691277,-0.019674102,-0.042111233,3.9947417E-4
LinearAcceleration,238691278,0.01436521,-0.050727148,-0.045340195
Gyroscope,238691297,-0.022869896,-0.04104597,0.002530003
LinearAcceleration,238691298,-0.018704701,0.008230069,-0.029029695
Gyroscope,238691317,-0.011151987,-0.03891544,0.011052119
LinearAcceleration,238691318,0.011671733,-0.12868834,0.039504327
Gyroscope,238691337,-0.025000425,-0.04104597,-0.0049268478
LinearAcceleration,238691338,-0.017956512,-0.0700304,0.015562311
Gyroscope,238691357,-0.030326746,-0.036784913,-0.0102531705
LinearAcceleration,238691358,-0.022146367,0.0016460137,0.014065935
Gyroscope,238691377,-0.025000425,-0.026132269,-0.0017310547
LinearAcceleration,238691378,-0.023343466,-0.05940613,0.021098902
Gyroscope,238691397,-0.029261483,-0.017610153,-0.002796319
LinearAcceleration,238691398,-0.021398177,-0.017357962,0.016759412
Gyroscope,238691417,-0.027130954,-0.01228383,-0.0070573767
LinearAcceleration,238691420,-0.019452889,-0.019752163,0.02813187
Gyroscope,238691437,-0.017543573,-0.009088038,-0.0102531705
LinearAcceleration,238691438,-0.009726444,0.002992752,0.01062427
Gyroscope,238691457,-0.0068909293,-0.0058922437,-0.0102531705
LinearAcceleration,238691458,0.027234044,-0.0052373162,0.026036944
Gyroscope,238692240,-0.0026298715,-0.003761715,-0.0038615835
LinearAcceleration,238692242,0.03172317,-0.084096335,0.022146367
Gyroscope,238692243,-0.007956194,-0.003761715,-0.002796319
LinearAcceleration,238692243,0.029179333,-0.08035539,0.04683657
Gyroscope,238692244,-0.017543573,-0.0048269792,-0.0049268478
LinearAcceleration,238692244,0.023193829,-0.03172317,0.041599255
Gyroscope,238692244,-0.017543573,-0.0058922437,-0.0038615835
LinearAcceleration,238692245,0.011222821,0.068534024,-0.0073322426
Gyroscope,238692245,5.659217E-4,-0.003761715,0.006791061
LinearAcceleration,238692246,0.0052373162,-0.06419453,0.04129998
Gyroscope,238692246,0.010153302,-0.0058922437,0.0035952674
LinearAcceleration,238692247,0.03606266,-0.1894412,0.063296705
Gyroscope,238692247,0.006957508,0.01647831,-0.002796319
LinearAcceleration,238692247,-0.011821371,-0.051774614,-0.010923545
Gyroscope,238692248,-0.0068909293,0.02393516,0.018508969
LinearAcceleration,238692248,0.11327567,-0.038905777,0.09187749
Gyroscope,238692248,0.0048269792,0.017543573,0.00892159
LinearAcceleration,238692249,0.06374562,-0.01316811,0.07646482
Gyroscope,238692249,0.015479623,0.012217252,0.0035952674
LinearAcceleration,238692250,0.04309563,-0.11342531,0.07466917
Gyroscope,238692256,0.01228383,0.0068909293,-0.008122642
LinearAcceleration,238692257,0.03815759,-0.073621705,0.07885902
Gyroscope,238692276,0.011218566,0.0026298715,-0.014514227
LinearAcceleration,238692276,0.015263036,-0.026785132,0.042646717
Gyroscope,238692296,0.014414359,4.993427E-4,-0.014514227
LinearAcceleration,238692297,-2.992752E-4,-0.038606502,0.030526072
Gyroscope,238692316,0.015479623,0.0015646071,-0.0102531705
LinearAcceleration,238692316,-0.03606266,-0.09950901,0.050278235
Gyroscope,238692338,0.017610153,0.0047604004,-0.009187906
LinearAcceleration,238692339,-0.021697452,-0.14425065,0.063895255
Gyroscope,238692358,0.009088038,0.0047604004,-0.016644757
LinearAcceleration,238692359,-0.04189853,-0.07706337,0.033668462
Gyroscope,238692377,0.0058922437,0.003695136,-0.014514227
LinearAcceleration,238692379,-0.06060323,-0.05551555,0.010773907
Gyroscope,238692397,5.659217E-4,0.007956194,-0.008122642
LinearAcceleration,238692399,-0.022296004,-0.084096335,0.009277532
Gyroscope,238692417,-0.0068909293,0.013282516,-0.002796319
LinearAcceleration,238692418,-0.017357962,-0.054019175,0.037708677
Gyroscope,238692437,-0.0068909293,0.0143477805,0.0035952674
LinearAcceleration,238692438,0.010025719,-0.038307227,0.043394905
Gyroscope,238692457,-0.007956194,0.009021458,3.9947417E-4
LinearAcceleration,238692458,0.029029695,0.0073322426,0.07182605
Gyroscope,238692477,-0.003695136,0.0015646071,-0.0017310547
LinearAcceleration,238692478,0.049081136,-0.0020949265,0.039205052
Gyroscope,238692501,0.0026964506,-0.0058922437,-0.0017310547
LinearAcceleration,238692502,0.021547815,-0.05581483,0.06868366
Gyroscope,238692524,0.003761715,-0.014414359,-0.0070573767
LinearAcceleration,238692537,0.030825347,-0.040102877,0.050427873
Gyroscope,238692540,0.0026964506,-0.020805946,-0.009187906
LinearAcceleration,238692540,-0.0037409402,-0.02064999,0.04997896
Gyroscope,238692556,0.0058922437,-0.02400174,-0.005992112
LinearAcceleration,238692557,-0.009277532,-0.057909753,0.034715924
Gyroscope,238692576,0.0048269792,-0.027197532,-0.005992112
LinearAcceleration,238692577,0.017806875,-0.037409402,0.045489833
Gyroscope,238692596,0.009088038,-0.03145859,-0.0038615835
LinearAcceleration,238692597,0.040102877,-0.041000705,0.054617725
Gyroscope,238692616,0.011218566,-0.036784913,-0.0017310547
LinearAcceleration,238692617,0.015562311,-0.06404489,0.03441665
Gyroscope,238692637,0.009088038,-0.042111233,3.9947417E-4
LinearAcceleration,238692639,0.032770637,-0.04623802,0.039055414
Gyroscope,238692658,0.008022773,-0.04850282,0.0057257963
LinearAcceleration,238692659,0.0796072,-0.080505036,0.062099606
Gyroscope,238692678,0.0026964506,-0.061285995,0.0131826475
LinearAcceleration,238692679,0.12674305,-0.06120178,0.078410104
Gyroscope,238692698,-0.0026298715,-0.08046076,0.018508969
LinearAcceleration,238692699,0.12808979,-0.041748893,0.063296705
Gyroscope,238692718,-0.0015646071,-0.104961835,0.02809635
LinearAcceleration,238692719,0.24166474,-0.01690905,0.09876082
Gyroscope,238692738,5.659217E-4,-0.14757241,0.041944787
LinearAcceleration,238692739,0.4079121,0.01436521,0.25019407
Gyroscope,238692758,0.0058922437,-0.21894513,0.049401637
LinearAcceleration,238692759,0.44277766,0.02932897,0.18629882
Gyroscope,238692778,0.0026964506,-0.29031783,0.057923753
LinearAcceleration,238692779,0.33189622,0.072574235,0.13317747
Gyroscope,238692798,0.011218566,-0.3361242,0.08775116
LinearAcceleration,238692799,0.18899229,0.02633622,0.063296705
Gyroscope,238692818,0.014414359,-0.3638211,0.1015996
LinearAcceleration,238692819,0.008678981,-0.076015905,0.049081136
Gyroscope,238692839,0.010153302,-0.36914742,0.1015996
LinearAcceleration,238692840,-0.099060096,-0.077213004,-0.03441665
Gyroscope,238692858,0.003761715,-0.3542337,0.097338535
LinearAcceleration,238692859,-0.1774702,0.0062847794,-0.06868366
Gyroscope,238692878,0.009088038,-0.3244063,0.097338535
LinearAcceleration,238692879,-0.23089083,-0.11971009,-0.05940613
Gyroscope,238692898,0.0016311861,-0.29031783,0.07603325
LinearAcceleration,238692899,-0.2546832,-0.16505028,-0.042197805
Gyroscope,238692918,-0.012217252,-0.25090307,0.041944787
LinearAcceleration,238692919,-0.2885013,-0.050727148,-0.09442133
Gyroscope,238692938,-0.011151987,-0.2019009,0.020639498
LinearAcceleration,238692939,-0.2717419,0.044292733,-0.1316811
Gyroscope,238692958,0.006957508,-0.1507682,0.018508969
LinearAcceleration,238692959,-0.23942018,-0.03995324,-0.10938509
Gyroscope,238692978,0.020805946,-0.10389657,0.017443705
LinearAcceleration,238692979,-0.19632454,-0.20530279,-0.0525228
Gyroscope,238692997,0.015479623,-0.06767758,3.9947417E-4
LinearAcceleration,238692998,-0.19662382,-0.24690205,-0.033069912
Gyroscope,238693018,-0.0068909293,-0.037850175,-0.03368899
LinearAcceleration,238693019,-0.22714989,-0.22804771,-0.020799628
Gyroscope,238693038,-0.025000425,-0.009088038,-0.05819007
LinearAcceleration,238693039,-0.22310968,-0.034865562,-0.09083003
Gyroscope,238693058,-0.02180463,0.019674102,-0.064581655
LinearAcceleration,238693059,-0.13706805,0.09262568,0.0058358666
Gyroscope,238693078,-0.003695136,0.034587804,-0.05819007
LinearAcceleration,238693079,-0.07182605,0.023493104,0.0712275
Gyroscope,238693098,5.659217E-4,0.032457277,-0.053929012
LinearAcceleration,238693099,0.017806875,0.0025438394,0.08439561
Gyroscope,238693118,-0.0026298715,0.020739367,-0.043276366
LinearAcceleration,238693119,0.05805939,-0.032022446,0.07451953
Gyroscope,238693138,-0.0047604004,0.0026298715,-0.030493194
LinearAcceleration,238693139,0.02498948,-0.0073322426,0.104895964
Gyroscope,238693158,-0.007956194,-0.016544888,-0.027297402
LinearAcceleration,238693159,-0.057311203,0.05955577,0.036661215
Gyroscope,238693178,5.659217E-4,-0.020805946,-0.011318435
LinearAcceleration,238693179,-0.10459669,0.03127426,0.0026934769
Gyroscope,238693198,0.008022773,-0.011218566,0.006791061
LinearAcceleration,238693199,-0.13018471,-0.0047884034,-0.022445641
Gyroscope,238693218,0.0048269792,0.0047604004,0.019574234
LinearAcceleration,238693219,-0.06688801,0.013018472,-0.0035913025
Gyroscope,238693238,0.006957508,0.015413045,0.030226879
LinearAcceleration,238693239,0.023044191,0.02873042,0.009277532
Gyroscope,238693258,0.010153302,0.013282516,0.035553202
LinearAcceleration,238693259,0.0827496,-0.049230773,0.055964466
Gyroscope,238693278,0.011218566,0.0015646071,0.031292144
LinearAcceleration,238693279,0.11626842,-0.0887351,0.077213004
Gyroscope,238693298,0.009088038,-0.015479623,0.020639498
LinearAcceleration,238693299,0.087538,-0.071377136,0.020799628
Gyroscope,238693318,0.008022773,-0.029328061,0.009986854
LinearAcceleration,238693319,0.08020575,-0.032770637,0.03995324
Gyroscope,238693338,0.011218566,-0.0431765,0.004660532
LinearAcceleration,238693339,0.044741645,-0.10818799,0.022445641
Gyroscope,238693358,0.0058922437,-0.05276388,3.9947417E-4
LinearAcceleration,238693359,0.017058687,-0.10444705,0.0034416649
Gyroscope,238693378,5.659217E-4,-0.054894406,-0.0017310547
LinearAcceleration,238693379,-0.009726444,-0.05057751,-0.01316811
Gyroscope,238693398,0.0026964506,-0.051698614,0.0035952674
LinearAcceleration,238693399,-1.496376E-4,-0.024241293,0.01316811
Gyroscope,238693418,0.0048269792,-0.047437556,0.0131826475
LinearAcceleration,238693419,-0.009726444,-0.082300685,0.03187281
Gyroscope,238693438,-4.993427E-4,-0.047437556,0.0131826475
LinearAcceleration,238693439,-0.029628245,-0.07436989,0.0104746325
Gyroscope,238693458,-0.0047604004,-0.044241764,0.00892159
LinearAcceleration,238693459,-0.0013467384,-0.05312135,7.48188E-4
Gyroscope,238693478,-0.0015646071,-0.04104597,0.00892159
LinearAcceleration,238693479,-0.017806875,-0.03232172,0.0
Gyroscope,238693498,-4.993427E-4,-0.03891544,0.007856325
LinearAcceleration,238693499,-0.007631518,1.496376E-4,0.0055365916
Gyroscope,238693518,0.0048269792,-0.037850175,0.009986854
LinearAcceleration,238693519,0.012419921,-0.004489128,0.019003976
Gyroscope,238693538,0.010153302,-0.036784913,0.021704763
LinearAcceleration,238693539,0.02633622,-0.07107786,0.042945992
Gyroscope,238693558,0.003761715,-0.03891544,0.021704763
LinearAcceleration,238693559,0.06703765,-5.985504E-4,0.05327099
Gyroscope,238693578,0.003761715,-0.04530703,0.030226879
LinearAcceleration,238693579,0.12000936,0.026785132,0.039055414
Gyroscope,238693598,0.011218566,-0.06022073,0.044075314
LinearAcceleration,238693599,0.19273324,0.030825347,0.10100538
Gyroscope,238693618,0.014414359,-0.08685234,0.046205845
LinearAcceleration,238693619,0.240318,0.008379706,0.08888474
Gyroscope,238693638,0.021871211,-0.1241366,0.04727111
LinearAcceleration,238693639,0.20171149,-0.01690905,0.08020575
Gyroscope,238693658,0.03145859,-0.15183347,0.060054284
LinearAcceleration,238693659,0.18390462,-0.15487492,0.048482586
Gyroscope,238693678,0.021871211,-0.17313875,0.061119545
LinearAcceleration,238693679,0.11088146,-0.14305355,0.005686229
Gyroscope,238693698,0.003761715,-0.18698719,0.055793226
LinearAcceleration,238693699,0.020949265,-0.07646482,0.03321955
Gyroscope,238693718,-0.007956194,-0.19550931,0.04833637
LinearAcceleration,238693719,0.013317747,-0.05701193,0.029179333
Gyroscope,238693738,-0.01647831,-0.19763984,0.03768373
LinearAcceleration,238693739,-0.025887307,0.084694885,-0.022894554
Gyroscope,238693758,-0.0068909293,-0.19124825,0.041944787
LinearAcceleration,238693759,-0.05267244,0.07167641,-0.0010474633
Gyroscope,238693778,0.008022773,-0.17739981,0.051532168
LinearAcceleration,238693779,-0.06254852,-0.087687634,1.496376E-4
Gyroscope,238693798,0.009088038,-0.16781244,0.04087952
LinearAcceleration,238693799,-0.07766192,-0.07751228,-0.018555064
Gyroscope,238693818,0.01228383,-0.15609452,0.024900556
LinearAcceleration,238693819,-0.11462241,-0.085293435,-0.041449618
Gyroscope,238693839,0.018675417,-0.13798504,0.014247912
LinearAcceleration,238693840,-0.12300211,-0.1249474,-0.044891283
Gyroscope,238693858,0.013349094,-0.119875535,0.0035952674
LinearAcceleration,238693859,-0.07287352,-0.10534488,-0.01436521
Gyroscope,238693878,0.0048269792,-0.10389657,-0.002796319
LinearAcceleration,238693879,-0.06374562,-0.08215105,-0.047135845
Gyroscope,238693898,-0.0015646071,-0.09643972,-0.012383699
LinearAcceleration,238693899,-0.11911154,-0.097862996,0.023642741
Gyroscope,238693918,-0.009021458,-0.08365655,-0.008122642
LinearAcceleration,238693919,-0.09696517,-0.06464344,-0.08200141
Gyroscope,238693938,-0.017543573,-0.06661232,-0.009187906
LinearAcceleration,238693939,-0.084096335,0.069132574,-0.0796072
Gyroscope,238693958,-0.0047604004,-0.04850282,-0.002796319
LinearAcceleration,238693959,-0.0911293,0.021996727,-0.043245267
Gyroscope,238693978,0.0048269792,-0.036784913,-0.011318435
LinearAcceleration,238693979,-0.1074398,-0.05431845,0.015263036
Gyroscope,238693998,0.0048269792,-0.026132269,-0.01984055
LinearAcceleration,238693999,-0.04309563,-0.13587095,0.03067571
Gyroscope,238694018,-0.010086723,-0.02400174,-0.035819516
LinearAcceleration,238694019,-0.039055414,-0.06060323,0.010773907
Gyroscope,238694038,-0.019674102,-0.021871211,-0.039015308
LinearAcceleration,238694039,-0.04833295,-0.031573534,0.008678981
Gyroscope,238694058,-0.02180463,-0.021871211,-0.03475425
LinearAcceleration,238694059,-0.033369187,0.022595279,0.007930793
Gyroscope,238694078,-0.013282516,-0.019740682,-0.020905815
LinearAcceleration,238694079,0.023792379,0.09487024,0.037409402
Gyroscope,238694098,0.003761715,-0.016544888,-6.657903E-4
LinearAcceleration,238694099,0.039055414,-0.0032920274,0.03127426
Gyroscope,238694118,0.011218566,-0.016544888,0.00892159
LinearAcceleration,238694119,0.042347442,-0.073621705,0.07032967
Gyroscope,238694138,0.006957508,-0.018675417,0.012117383
LinearAcceleration,238694139,0.11581951,-0.13572131,0.043843817
Gyroscope,238694158,-0.005825665,-0.027197532,0.007856325
LinearAcceleration,238694159,0.19123685,-0.09083003,-0.0010474633
Gyroscope,238694178,-0.009021458,-0.044241764,0.002530003
LinearAcceleration,238694179,0.17791912,-0.08304887,0.0053869537
Gyroscope,238694198,-4.993427E-4,-0.06554705,-0.002796319
LinearAcceleration,238694199,0.15622166,-0.09995792,0.017208325
Gyroscope,238694218,5.659217E-4,-0.08898287,-0.0102531705
LinearAcceleration,238694219,0.13063364,-0.17462708,-0.020201078
Gyroscope,238694238,-0.010086723,-0.1060271,-0.023036344
LinearAcceleration,238694239,0.045789108,-0.14514847,-0.008828619
Gyroscope,238694258,-0.01647831,-0.11561448,-0.025166873
LinearAcceleration,238694259,-0.018854339,-0.23343466,0.010175358
Gyroscope,238694278,-0.03139201,-0.122006066,-0.03368899
LinearAcceleration,238694279,-0.06808511,-0.18599954,0.0020949265
Gyroscope,238694298,-0.046305712,-0.1241366,-0.039015308
LinearAcceleration,238694299,-0.13587095,-0.026186582,-0.014215573
Gyroscope,238694318,-0.05056677,-0.11667974,-0.030493194
LinearAcceleration,238694319,-0.14454992,-0.021547815,-0.022894554
Gyroscope,238694339,-0.05802362,-0.104961835,-0.031558458
LinearAcceleration,238694340,-0.1539771,0.09172785,-0.06374562
Gyroscope,238694358,-0.049501505,-0.08472181,-0.016644757
LinearAcceleration,238694359,-0.19482817,0.031573534,-0.049530048
Gyroscope,238694378,-0.047370978,-0.058090203,-0.0049268478
LinearAcceleration,238694379,-0.19168578,-0.00808043,-0.06464344
Gyroscope,238694398,-0.04310992,-0.035719648,-0.0017310547
LinearAcceleration,238694399,-0.1436521,0.12539631,-0.042945992
Gyroscope,238694418,-0.028196217,-0.016544888,0.011052119
LinearAcceleration,238694432,-0.063895255,0.0104746325,0.0062847794
Gyroscope,238694438,-0.027130954,-0.006957508,0.0057257963
LinearAcceleration,238694438,-0.049679685,0.065092355,0.015113398
Gyroscope,238694457,-0.02393516,-5.659217E-4,0.0035952674
LinearAcceleration,238694458,-0.009127894,0.08454525,-0.0038905777
Gyroscope,238697570,-0.0143477805,0.0068909293,0.014247912
LinearAcceleration,238697578,0.0052373162,-0.05057751,0.02932897
Gyroscope,238697579,-0.015413045,0.011151987,0.0131826475
LinearAcceleration,238697579,0.021697452,-0.11387422,0.04563947
Gyroscope,238697580,-0.02180463,0.009021458,0.00892159
LinearAcceleration,238697580,0.023493104,-0.10998364,0.00808043
Gyroscope,238697580,-0.029261483,0.005825665,-6.657903E-4
LinearAcceleration,238697581,0.031573534,-0.04504092,0.015263036
Gyroscope,238697581,-0.026065689,0.003695136,-0.008122642
LinearAcceleration,238697581,0.03127426,-0.039055414,0.026485857
Gyroscope,238697582,-0.0015646071,-0.003761715,-0.009187906
LinearAcceleration,238697582,-0.27473465,-0.15682021,0.42362407
Gyroscope,238697583,0.0048269792,-0.0058922437,-0.011318435
LinearAcceleration,238697583,-0.30047232,-0.15233108,0.42347443
Gyroscope,238697583,-0.0068909293,0.015413045,0.017443705
LinearAcceleration,238697584,-0.22011691,-0.19078794,0.49470192
Gyroscope,238697584,-0.003695136,0.0143477805,0.015313176
LinearAcceleration,238697585,-0.2021604,-0.20994157,0.47375265
Gyroscope,238697585,0.0016311861,0.010086723,0.009986854
LinearAcceleration,238697585,-0.18674773,-0.2208651,0.45295304
Gyroscope,238697586,0.009088038,0.007956194,0.007856325
LinearAcceleration,238697586,-0.18570027,-0.22819735,0.4441244
Gyroscope,238697598,0.010153302,0.003695136,0.00892159
LinearAcceleration,238697599,-0.1798644,-0.28565818,0.45190558
Gyroscope,238697618,0.0016311861,4.993427E-4,0.007856325
LinearAcceleration,238697619,-0.19078794,-0.31812954,0.45370123
Gyroscope,238697638,-0.010086723,-0.0016311861,0.0057257963
LinearAcceleration,238697639,-0.18854338,-0.22849663,0.4364929
Gyroscope,238697658,-0.0143477805,0.0015646071,0.014247912
LinearAcceleration,238697659,-0.19707273,-0.23582886,0.43020812
Gyroscope,238697678,-0.011151987,0.003695136,0.01637844
LinearAcceleration,238697679,-0.16849194,-0.25498247,0.4655226
Gyroscope,238697698,-0.012217252,0.0015646071,0.0014647386
LinearAcceleration,238697699,-0.21757308,-0.21323359,0.46028528
Gyroscope,238697719,-0.0143477805,-5.659217E-4,-0.009187906
LinearAcceleration,238697720,-0.22340895,-0.1822586,0.47061026
Gyroscope,238697739,-0.012217252,0.003695136,-0.0070573767
LinearAcceleration,238697740,-0.23986909,-0.19916765,0.4688146
Gyroscope,238697759,-0.012217252,0.010086723,3.9947417E-4
LinearAcceleration,238697761,-0.2515408,-0.17298107,0.49814358
Gyroscope,238697779,-0.009021458,0.01647831,0.0057257963
LinearAcceleration,238697781,-0.22266077,-0.12764087,0.4739023
Gyroscope,238697799,5.659217E-4,0.019674102,0.0057257963
LinearAcceleration,238697800,-0.16968904,-0.09935937,0.47913963
Gyroscope,238697819,0.016544888,0.01647831,0.007856325
LinearAcceleration,238697820,-0.1436521,-0.17851767,0.49769467
Gyroscope,238697839,0.021871211,0.009021458,0.006791061
LinearAcceleration,238697840,-0.15263036,-0.25647885,0.47105917
Gyroscope,238697859,0.014414359,0.0015646071,0.002530003
LinearAcceleration,238697861,-0.14933833,-0.24570495,0.47046062
Gyroscope,238697879,0.009088038,-0.0026964506,0.0035952674
LinearAcceleration,238697880,-0.16639702,-0.21113867,0.43783963
Gyroscope,238697899,0.006957508,-0.003761715,0.002530003
LinearAcceleration,238697900,-0.20111294,-0.17537527,0.43514615
Gyroscope,238697919,0.011218566,-0.0026964506,0.002530003
LinearAcceleration,238697920,-0.19512744,-0.19961657,0.4062661
Gyroscope,238697939,0.011218566,-5.659217E-4,-0.002796319
LinearAcceleration,238697940,-0.22864626,-0.22505496,0.40132806
Gyroscope,238697959,0.010153302,0.0026298715,-0.002796319
LinearAcceleration,238697960,-0.20590134,-0.20724809,0.39639002
Gyroscope,238697979,0.011218566,0.003695136,-0.0017310547
LinearAcceleration,238697980,-0.20590134,-0.19916765,0.40222588
Gyroscope,238698016,0.01228383,0.0047604004,0.002530003
LinearAcceleration,238698018,-0.16894086,-0.17911622,0.40566754
Gyroscope,238698019,0.011218566,0.0047604004,0.0057257963
LinearAcceleration,238698020,-0.20006548,-0.21757308,0.37574002
Gyroscope,238698040,0.0058922437,0.0047604004,0.00892159
LinearAcceleration,238698041,-0.20500351,-0.22146365,0.3696049
Gyroscope,238698059,0.0016311861,0.009021458,0.014247912
LinearAcceleration,238698061,-0.15981296,-0.23373394,0.37199908
Gyroscope,238698079,-0.0015646071,0.012217252,0.01637844
LinearAcceleration,238698080,-0.16594811,-0.19093758,0.37199908
Gyroscope,238698100,-0.0015646071,0.013282516,0.011052119
LinearAcceleration,238698101,-0.11028291,-0.16849194,0.36257192
Gyroscope,238698120,0.003761715,0.010086723,3.9947417E-4
LinearAcceleration,238698121,-0.13332711,-0.09831191,0.3378817
Gyroscope,238698139,0.018675417,0.009021458,0.004660532
LinearAcceleration,238698141,-0.09636662,-0.15352818,0.3489549
Gyroscope,238698159,0.02400174,0.003695136,0.0057257963
LinearAcceleration,238698160,-0.10788871,-0.20904374,0.338181
Gyroscope,238698179,0.013349094,-0.003761715,0.002530003
LinearAcceleration,238698181,-0.119261175,-0.25483283,0.36197338
Gyroscope,238698199,0.0016311861,-0.010153302,-0.0049268478
LinearAcceleration,238698200,-0.1436521,-0.21562779,0.33473933
Gyroscope,238698219,-0.010086723,-0.01228383,-0.011318435
LinearAcceleration,238698221,-0.19033903,-0.042646717,0.30541036
Gyroscope,238698239,0.0026964506,-0.0058922437,-0.0017310547
LinearAcceleration,238698240,-0.21293432,-0.0887351,0.3000234
Gyroscope,238698260,0.018675417,0.0026298715,0.0035952674
LinearAcceleration,238698261,-0.21667525,-0.16639702,0.3048118
Gyroscope,238698279,0.02400174,0.007956194,-0.0038615835
LinearAcceleration,238698281,-0.1858499,-0.20021512,0.29224226
Gyroscope,238698299,0.025067003,0.013282516,-0.005992112
LinearAcceleration,238698300,-0.15068507,-0.25887305,0.28191724
Gyroscope,238698319,0.019740682,0.017543573,-0.008122642
LinearAcceleration,238698321,-0.1436521,-0.25049335,0.2662053
Gyroscope,238698339,0.010153302,0.019674102,-0.0049268478
LinearAcceleration,238698340,-0.11133038,-0.24929625,0.2829647
Gyroscope,238698360,-4.993427E-4,0.01647831,0.0014647386
LinearAcceleration,238698361,-0.09187749,-0.2733879,0.31783026
Gyroscope,238698380,-0.013282516,0.007956194,-6.657903E-4
LinearAcceleration,238698381,-0.087687634,-0.21862054,0.30271688
Gyroscope,238698400,-0.019674102,0.0015646071,-0.0038615835
LinearAcceleration,238698401,-0.08948329,-0.118213706,0.3131915
Gyroscope,238698419,-0.015413045,-5.659217E-4,0.002530003
LinearAcceleration,238698420,-0.098461546,-0.21068975,0.33967736
Gyroscope,238698440,-0.018608838,-0.003761715,-0.0070573767
LinearAcceleration,238698441,-0.09307459,-0.17612346,0.31169513
Gyroscope,238698460,-0.019674102,-0.0058922437,-0.01984055
LinearAcceleration,238698461,-0.14499883,-0.09083003,0.32007483
Gyroscope,238698480,-0.009021458,-0.0026964506,-0.01984055
LinearAcceleration,238698481,-0.14080898,-0.12360066,0.30615854
Gyroscope,238698499,-0.0047604004,0.003695136,-0.018775286
LinearAcceleration,238698501,-0.13841479,-0.0887351,0.30286652
Gyroscope,238698519,-0.0015646071,0.007956194,-0.014514227
LinearAcceleration,238698520,-0.108936176,-0.08798691,0.34760815
Gyroscope,238698540,0.0016311861,0.007956194,-0.013448963
LinearAcceleration,238698541,-0.091578215,-0.11581951,0.32411507
Gyroscope,238698560,0.0058922437,0.005825665,-0.015579492
LinearAcceleration,238698561,-0.09935937,-0.14140753,0.31738135
Gyroscope,238698579,0.010153302,0.0015646071,-0.016644757
LinearAcceleration,238698581,-0.107140526,-0.12988544,0.28326398
Gyroscope,238698599,0.01228383,-0.0026964506,-0.014514227
LinearAcceleration,238698600,-0.11252748,-0.13871406,0.26605567
Gyroscope,238698620,0.008022773,-0.0048269792,-0.015579492
LinearAcceleration,238698621,-0.14275427,-0.1285387,0.28236616
Gyroscope,238698640,0.0058922437,-0.0048269792,-0.011318435
LinearAcceleration,238698641,-0.15023616,-0.14933833,0.3091513
Gyroscope,238698660,-0.0015646071,-0.0016311861,-0.008122642
LinearAcceleration,238698661,-0.1945289,-0.054019175,0.32875383
Gyroscope,238698680,-0.0068909293,0.005825665,0.0014647386
LinearAcceleration,238698681,-0.17896658,0.082899235,0.32725745
Gyroscope,238698700,-4.993427E-4,0.02180463,0.022770027
LinearAcceleration,238698701,-0.1755249,0.16519992,0.4317045
Gyroscope,238698720,0.011218566,0.04310992,0.05898902
LinearAcceleration,238698721,-0.15831658,-0.011222821,0.68384385
Gyroscope,238698740,-0.0068909293,0.06228468,0.07390272
LinearAcceleration,238698741,-0.062249243,0.10878654,0.8255507
Gyroscope,238698760,-0.03352254,0.06974153,0.057923753
LinearAcceleration,238698761,-0.021697452,0.59510875,0.8996213
Gyroscope,238698779,-0.0068909293,0.072937325,0.069641665
LinearAcceleration,238698780,-0.111779295,0.7827543,0.9160814
Gyroscope,238698800,0.054894406,0.08465523,0.114382766
LinearAcceleration,238698801,-0.048033673,0.32621,0.7823054
Gyroscope,238698820,0.090048134,0.07932891,0.114382766
LinearAcceleration,238698821,0.014514848,-0.107140526,0.6123171
Gyroscope,238698839,0.09430919,0.06228468,0.082424834
LinearAcceleration,238698840,0.009277532,-0.0923264,0.44592008
Gyroscope,238698860,0.12839766,0.037783597,0.06644587
LinearAcceleration,238698861,0.19123685,-0.16804303,0.23133974
Gyroscope,238698880,0.1805956,-0.008022773,0.041944787
LinearAcceleration,238698881,0.15667057,-0.37184945,0.034117375
Gyroscope,238698900,0.22853251,-0.057024937,0.022770027
LinearAcceleration,238698901,0.113574944,-0.7870938,-0.025288755
Gyroscope,238698920,0.24131568,-0.1092229,-0.002796319
LinearAcceleration,238698921,0.16071078,-1.0124481,-0.16714521
Gyroscope,238698940,0.20296617,-0.16781244,-0.049667954
LinearAcceleration,238698941,0.19722237,-0.7086837,-0.20470424
Gyroscope,238698960,0.18698719,-0.22533672,-0.037950046
LinearAcceleration,238698961,0.21173722,-0.8734347,-0.14514847
Gyroscope,238698980,0.14544189,-0.28712204,-0.009187906
LinearAcceleration,238698981,0.15322891,-1.2047324,-0.14514847
Gyroscope,238699000,0.028262798,-0.34997267,-0.027297402
LinearAcceleration,238699001,0.21098903,-0.8988731,-0.14739305
Gyroscope,238699020,-0.067611,-0.41601905,-0.03368899
LinearAcceleration,238699021,0.19153613,-0.4329016,-0.21592706
Gyroscope,238699040,-0.09850367,-0.4714128,0.00892159
LinearAcceleration,238699041,0.09801263,-0.3215712,-0.20545243
Gyroscope,238699060,-0.117678426,-0.5076318,0.06218481
LinearAcceleration,238699061,-0.026785132,-0.4715081,-0.11507132
Gyroscope,238699080,-0.16987638,-0.52680653,0.09414274
LinearAcceleration,238699081,-0.099658646,-0.514903,-0.03815759
Gyroscope,238699100,-0.24870595,-0.5331981,0.098403804
LinearAcceleration,238699101,-0.21428105,-0.23552959,0.030526072
Gyroscope,238699121,-0.30623025,-0.51828444,0.10586065
LinearAcceleration,238699122,-0.2057517,0.10534488,0.092176765
Gyroscope,238699140,-0.31794813,-0.49165282,0.12823121
LinearAcceleration,238699141,-0.26306292,0.23328502,0.11956045
Gyroscope,238699160,-0.30836076,-0.4596949,0.12823121
LinearAcceleration,238699161,-0.3127426,0.32591072,0.1846528
Gyroscope,238699180,-0.28492495,-0.42880222,0.10479539
LinearAcceleration,238699181,-0.33084875,0.48317984,0.17672202
Gyroscope,238699200,-0.23911858,-0.3936485,0.08135957
LinearAcceleration,238699201,-0.32067338,0.5307646,0.13272856
Gyroscope,238699220,-0.18372482,-0.3606253,0.04727111
LinearAcceleration,238699221,-0.38217443,0.52148706,0.08245032
Gyroscope,238699240,-0.12620054,-0.32866737,0.015313176
LinearAcceleration,238699241,-0.39100307,0.29044658,0.06868366
Gyroscope,238699260,-0.08891629,-0.29138312,-0.013448963
LinearAcceleration,238699261,-0.4233248,0.10175357,-0.004040215
Gyroscope,238699280,-0.07613312,-0.25090307,-0.043276366
LinearAcceleration,238699281,-0.46746787,0.14814124,-0.045340195
Gyroscope,238699300,-0.05056677,-0.20509669,-0.046472162
LinearAcceleration,238699301,-0.47854108,0.06075287,-0.066738375
Gyroscope,238699320,-0.028196217,-0.16142085,-0.042211104
LinearAcceleration,238699321,-0.39848495,-0.09292495,-0.07646482
Gyroscope,238699340,-0.027130954,-0.12626712,-0.049667954
LinearAcceleration,238699341,-0.41135377,-0.19467853,-0.04504092
Gyroscope,238699360,-0.04097939,-0.0879176,-0.04114584
LinearAcceleration,238699361,-0.34970307,-0.229993,-0.058209028
Gyroscope,238699380,-0.06228468,-0.05063335,-0.027297402
LinearAcceleration,238699381,-0.29328972,-0.21443069,-0.03755904
Gyroscope,238699400,-0.07826365,-0.016544888,-0.0070573767
LinearAcceleration,238699401,-0.21667525,-0.24720132,0.014963761
Gyroscope,238699420,-0.09637314,0.0068909293,0.011052119
LinearAcceleration,238699421,-0.1273416,-0.24166474,0.077811554
Gyroscope,238699440,-0.11980896,0.018608838,0.019574234
LinearAcceleration,238699441,-0.039055414,-0.20320787,0.13093291
Gyroscope,238699460,-0.14004898,0.020739367,0.022770027
LinearAcceleration,238699461,0.010025719,-0.0923264,0.1467945
Gyroscope,238699480,-0.14217952,0.0143477805,0.023835292
LinearAcceleration,238699481,0.01690905,0.026635494,0.15861586
Gyroscope,238699500,-0.12726581,0.005825665,0.023835292
LinearAcceleration,238699501,0.030526072,0.14140753,0.16475101
Gyroscope,238699524,-0.09637314,4.993427E-4,0.029161613
LinearAcceleration,238699525,-0.018704701,0.05431845,0.19527708
Gyroscope,238699540,-0.072937325,-0.0016311861,0.04087952
LinearAcceleration,238699541,0.029628245,-0.14754269,0.19348143
Gyroscope,238699560,-0.08678576,-0.008022773,0.025965821
LinearAcceleration,238699562,0.009876082,-0.088585466,0.1690905
Gyroscope,238701555,-0.09317735,-0.014414359,0.009986854
LinearAcceleration,238701557,0.011971008,0.0175076,0.17118542
Gyroscope,238701565,-0.08039417,-0.017610153,0.007856325
LinearAcceleration,238701568,-0.044741645,-0.042796355,0.16774376
Gyroscope,238701568,-0.07400259,-0.014414359,0.0131826475
LinearAcceleration,238701568,-0.05626374,-0.049530048,0.15816694
Gyroscope,238701572,-0.07613312,-0.008022773,0.019574234
LinearAcceleration,238701572,-0.016759412,-0.06494272,0.1810615
Gyroscope,238701574,-0.07613312,-0.006957508,0.017443705
LinearAcceleration,238701575,0.017058687,0.01616086,0.17732057
Gyroscope,238701575,-0.017543573,0.012217252,-0.018775286
LinearAcceleration,238701575,0.27922377,-0.2793734,0.46103346
Gyroscope,238701576,-0.012217252,0.010086723,-0.014514227
LinearAcceleration,238701576,0.25842413,-0.27997196,0.4357447
Gyroscope,238701577,-0.013282516,0.039914127,-0.014514227
LinearAcceleration,238701577,0.07317279,-0.3362357,0.4321534
Gyroscope,238701577,-0.013282516,0.046305712,-0.0102531705
LinearAcceleration,238701578,0.06135142,-0.38815996,0.43379942
Gyroscope,238701579,-0.019674102,0.054827828,-0.013448963
LinearAcceleration,238701579,0.058209028,-0.36706105,0.4141969
Gyroscope,238701599,-0.02393516,0.06334995,-0.01771002
LinearAcceleration,238701600,0.07107786,-0.29224226,0.4134487
Gyroscope,238701619,-0.019674102,0.07187206,-0.014514227
LinearAcceleration,238701619,0.11776479,-0.2753332,0.39339727
Gyroscope,238701639,-0.015413045,0.070806794,-0.011318435
LinearAcceleration,238701640,0.16086042,-0.23283611,0.44666827
Gyroscope,238701659,-0.009021458,0.06548047,-0.011318435
LinearAcceleration,238701660,0.13227965,-0.22625206,0.42152914
Gyroscope,238701681,5.659217E-4,0.061219417,-0.0102531705
LinearAcceleration,238701682,0.085891984,-0.27189153,0.4098574
Gyroscope,238701701,0.0048269792,0.06548047,-0.008122642
LinearAcceleration,238701702,0.037110128,-0.26366147,0.351798
Gyroscope,238701721,0.008022773,0.07932891,-0.009187906
LinearAcceleration,238701722,-0.05431845,-0.16744448,0.31902736
Gyroscope,238701741,0.02400174,0.10596052,-0.008122642
LinearAcceleration,238701742,-0.08783727,-0.1794155,0.28924948
Gyroscope,238701761,0.034654383,0.14431004,-0.015579492
LinearAcceleration,238701762,-0.17537527,-0.1599626,0.2825158
Gyroscope,238701781,0.04637229,0.19437747,-0.011318435
LinearAcceleration,238701782,-0.13317747,-0.23612814,0.30451253
Gyroscope,238701801,0.05063335,0.2380533,-0.008122642
LinearAcceleration,238701802,-0.026934769,-0.3482067,0.33354223
Gyroscope,238701820,0.0431765,0.26468492,-0.014514227
LinearAcceleration,238701822,0.0923264,-0.30376434,0.35344404
Gyroscope,238701841,0.042111233,0.27214178,-0.01771002
LinearAcceleration,238701842,0.19393034,-0.30870238,0.39758712
Gyroscope,238701861,0.04104597,0.26255438,-0.023036344
LinearAcceleration,238701862,0.21697453,-0.3576339,0.38920742
Gyroscope,238701881,0.03145859,0.24444489,-0.037950046
LinearAcceleration,238701882,0.16924013,-0.27952304,0.34087446
Gyroscope,238701901,0.028262798,0.23166172,-0.039015308
LinearAcceleration,238701902,0.109834,-0.26874915,0.31349078
Gyroscope,238701921,0.025067003,0.22740066,-0.030493194
LinearAcceleration,238701922,0.09083003,-0.32142156,0.33159694
Gyroscope,238701941,0.013349094,0.22527014,-0.028362665
LinearAcceleration,238701942,0.08020575,-0.28954875,0.3115455
Gyroscope,238701961,5.659217E-4,0.21994382,-0.020905815
LinearAcceleration,238701962,0.11851298,-0.24076691,0.30825347
Gyroscope,238701981,-0.0026298715,0.2114217,-0.005992112
LinearAcceleration,238701982,0.20425533,-0.2753332,0.34012628
Gyroscope,238702001,-0.010086723,0.1933122,-0.0070573767
LinearAcceleration,238702002,0.20844519,-0.2347814,0.36421794
Gyroscope,238702021,-0.01647831,0.16881113,-0.0102531705
LinearAcceleration,238702022,0.22011691,-0.17447744,0.29912558
Gyroscope,238702041,-0.01647831,0.14431004,-0.002796319
LinearAcceleration,238702042,0.2629133,-0.2475006,0.29209262
Gyroscope,238702061,-0.026065689,0.117678426,0.0035952674
LinearAcceleration,238702062,0.32845455,-0.16699557,0.33010057
Gyroscope,238702081,-0.030326746,0.08465523,0.012117383
LinearAcceleration,238702082,0.33922845,-0.04249708,0.31289223
Gyroscope,238702101,-0.01647831,0.05056677,0.02809635
LinearAcceleration,238702102,0.33892918,-0.14185645,0.31738135
Gyroscope,238702121,-0.010086723,0.018608838,0.035553202
LinearAcceleration,238702122,0.27443537,-0.20201077,0.31019875
Gyroscope,238702141,-0.013282516,-0.009088038,0.029161613
LinearAcceleration,238702142,0.18166006,-0.20305823,0.26830024
Gyroscope,238702161,-0.01647831,-0.026132269,0.017443705
LinearAcceleration,238702162,0.069132574,-0.17851767,0.24600422
Gyroscope,238702181,-0.01647831,-0.029328061,0.0014647386
LinearAcceleration,238702182,-0.013916298,-0.119261175,0.16355391
Gyroscope,238702201,-0.011151987,-0.020805946,-0.011318435
LinearAcceleration,238702203,-0.085293435,-0.09307459,0.12195465
Gyroscope,238702221,0.0016311861,-0.0016311861,-0.012383699
LinearAcceleration,238702222,-0.08843583,-0.17522563,0.12449849
Gyroscope,238702241,0.0016311861,0.01647831,-0.01771002
LinearAcceleration,238702242,-0.044891283,-0.17357962,0.1352724
Gyroscope,238702261,-4.993427E-4,0.03139201,-0.020905815
LinearAcceleration,238702262,-0.06344634,-0.17537527,0.14380173
Gyroscope,238702281,-0.0026298715,0.04310992,-0.018775286
LinearAcceleration,238702282,-0.019003976,-0.19093758,0.14888942
Gyroscope,238702301,-0.007956194,0.0526973,-0.01771002
LinearAcceleration,238702302,0.009277532,-0.13871406,0.17567454
Gyroscope,238702321,-0.005825665,0.053762563,-0.011318435
LinearAcceleration,238702322,0.107140526,-0.15068507,0.18719664
Gyroscope,238702341,-0.0047604004,0.042044654,-0.0049268478
LinearAcceleration,238702342,0.1846528,-0.084694885,0.2009633
Gyroscope,238702361,0.0026964506,0.02180463,-0.002796319
LinearAcceleration,238702362,0.16564883,-0.03187281,0.18659809
Gyroscope,238702381,0.019740682,0.003695136,0.007856325
LinearAcceleration,238702382,0.13198037,-0.076015905,0.19512744
Gyroscope,238702401,0.028262798,-0.010153302,0.009986854
LinearAcceleration,238702402,0.07407062,0.009576807,0.15457565
Gyroscope,238702421,0.044241764,-0.014414359,0.009986854
LinearAcceleration,238702422,0.035763387,-0.0070329676,0.14784196
Gyroscope,238702441,0.063416526,-0.014414359,-6.657903E-4
LinearAcceleration,238702442,-0.038456865,0.008529344,0.17118542
Gyroscope,238702461,0.08685234,-0.0058922437,-0.0070573767
LinearAcceleration,238702462,-0.014664485,-0.055964466,0.15352818
Gyroscope,238702481,0.09857025,0.0047604004,-0.014514227
LinearAcceleration,238702482,-0.08574235,-0.23089083,0.16160862
Gyroscope,238702501,0.09537446,0.02180463,-0.024101608
LinearAcceleration,238702502,-0.09696517,-0.22670098,0.13317747
Gyroscope,238702521,0.08259128,0.039914127,-0.032623723
LinearAcceleration,238702522,-0.071975686,-0.19767128,0.12524667
Gyroscope,238702541,0.075134434,0.053762563,-0.031558458
LinearAcceleration,238702542,-0.024690205,-0.3552397,0.1834557
Gyroscope,238702561,0.042111233,0.06015415,-0.05605954
LinearAcceleration,238702562,-0.023044191,-0.3250129,0.18151042
Gyroscope,238702581,0.008022773,0.06548047,-0.078430094
LinearAcceleration,238702582,-0.04683657,-0.0700304,0.09756372
Gyroscope,238702601,0.01228383,0.07826365,-0.060320597
LinearAcceleration,238702602,-0.044592008,-0.049230773,0.12958616
Gyroscope,238702621,0.022936475,0.09317735,-0.040080573
LinearAcceleration,238702622,-0.08304887,-0.079008654,0.105494514
Gyroscope,238702641,0.028262798,0.10596052,-0.03368899
LinearAcceleration,238702642,-0.07347207,-0.023343466,0.117016606
Gyroscope,238702661,0.044241764,0.116613165,-0.032623723
LinearAcceleration,238702662,-0.0796072,-0.033069912,0.06823475
Gyroscope,238702681,0.063416526,0.12513529,-0.04860269
LinearAcceleration,238702682,-0.10040683,0.15173253,0.022595279
Gyroscope,238702702,0.11135342,0.13898371,-0.05073322
LinearAcceleration,238702703,-0.097862996,0.16130935,0.10519524
Gyroscope,238702721,0.15289873,0.15815848,-0.03475425
LinearAcceleration,238702722,-0.09322423,-0.05327099,0.15861586
Gyroscope,238702741,0.15502927,0.17626797,-0.042211104
LinearAcceleration,238702742,-0.073023155,-0.07062895,0.14499883
Gyroscope,238702761,0.15502927,0.19118167,-0.049667954
LinearAcceleration,238702762,-0.111180745,0.037110128,0.17357962
Gyroscope,238702781,0.17526929,0.20396484,-0.042211104
LinearAcceleration,238702782,-0.016460137,-0.0134673845,0.13841479
Gyroscope,238702801,0.19018298,0.20716064,-0.05073322
LinearAcceleration,238702802,-0.025438393,-0.07212532,0.1726818
Gyroscope,238702821,0.19657458,0.2082259,-0.061385863
LinearAcceleration,238702822,-0.061650693,-0.09920973,0.17567454
Gyroscope,238702841,0.19550931,0.21568276,-0.057124805
LinearAcceleration,238702842,-0.01062427,-0.09726445,0.1619079
Gyroscope,238702861,0.19337878,0.22207434,-0.04860269
LinearAcceleration,238702862,0.013617022,-0.1690905,0.20260932
Gyroscope,238702881,0.17953035,0.22207434,-0.040080573
LinearAcceleration,238702882,0.032920275,-0.3242647,0.21667525
Gyroscope,238702901,0.14544189,0.21461749,-0.045406897
LinearAcceleration,238702902,0.011073183,-0.35793316,0.19303252
Gyroscope,238702921,0.10070078,0.20503011,-0.053929012
LinearAcceleration,238702922,0.03815759,-0.2753332,0.09561843
Gyroscope,238702941,0.06767758,0.19863853,-0.049667954
LinearAcceleration,238702942,-0.012719196,-0.22505496,0.033967737
Gyroscope,238702961,0.04530703,0.19757326,-0.032623723
LinearAcceleration,238702962,-0.02064999,-0.19033903,0.047734395
Gyroscope,238702981,0.028262798,0.19757326,-0.012383699
LinearAcceleration,238702982,0.030226797,-0.1997662,0.072574235
Gyroscope,238703001,0.01228383,0.18905115,-0.0049268478
LinearAcceleration,238703002,0.008828619,-0.19527708,0.0839467
Gyroscope,238703021,-4.993427E-4,0.17946377,-6.657903E-4
LinearAcceleration,238703022,0.0017956513,-0.1599626,0.08439561
Gyroscope,238703041,-0.011151987,0.16987638,0.012117383
LinearAcceleration,238703042,0.0047884034,-0.15532383,0.096216984
Gyroscope,238703061,-0.02393516,0.16135427,0.022770027
LinearAcceleration,238703062,0.004189853,-0.122253925,0.065242
Gyroscope,238703081,-0.034587804,0.15496269,0.035553202
LinearAcceleration,238703082,0.05267244,0.020350715,0.07826047
Gyroscope,238703101,-0.03352254,0.14644057,0.051532168
LinearAcceleration,238703102,0.046088383,-0.0362123,0.066139825
Gyroscope,238703121,-0.029261483,0.13578792,0.057923753
LinearAcceleration,238703122,0.005087679,-0.02873042,0.058807578
Gyroscope,238703141,-0.026065689,0.12833108,0.060054284
LinearAcceleration,238703142,0.04818331,0.013766659,0.017657237
Gyroscope,238703161,-0.01647831,0.12513529,0.067511134
LinearAcceleration,238703162,0.037409402,0.06015432,0.023942016
Gyroscope,238703181,5.659217E-4,0.12513529,0.08135957
LinearAcceleration,238703182,0.023193829,-0.05566519,0.032920275
Gyroscope,238703202,0.0026964506,0.12513529,0.08988169
LinearAcceleration,238703203,0.022894554,-0.11372458,0.010923545
Gyroscope,238703221,-0.010086723,0.12939633,0.08988169
LinearAcceleration,238703222,0.0055365916,-0.118213706,-1.496376E-4
Gyroscope,238703241,-0.013282516,0.14111425,0.10905644
LinearAcceleration,238703242,0.06120178,-0.1479916,-0.029628245
Gyroscope,238703261,-0.022869896,0.1485711,0.113317505
LinearAcceleration,238703262,0.09023148,-0.029927522,0.0067336923
Gyroscope,238703281,-0.01647831,0.14963636,0.11757856
LinearAcceleration,238703282,0.1249474,-0.07407062,0.057161566
Gyroscope,238703301,-0.012217252,0.14004898,0.10373013
LinearAcceleration,238703302,0.15098435,-0.12659341,0.10474633
Gyroscope,238703321,-0.01647831,0.120874226,0.07283746
LinearAcceleration,238703322,0.109534726,-0.054468088,0.09083003
Gyroscope,238703341,-0.011151987,0.10915632,0.0653806
LinearAcceleration,238703342,0.117016606,-0.095169514,0.08843583
Gyroscope,238703361,-0.015413045,0.09956893,0.05472796
LinearAcceleration,238703362,0.093972415,-0.03935469,0.094570965
Gyroscope,238703381,-0.012217252,0.09530788,0.04833637
LinearAcceleration,238703382,0.07930793,0.1050456,0.106093064
Gyroscope,238703401,0.008022773,0.09104682,0.051532168
LinearAcceleration,238703402,0.089782566,0.033967737,0.12599486
Gyroscope,238703421,0.018675417,0.08678576,0.049401637
LinearAcceleration,238703422,0.049530048,0.0034416649,0.10115502
Gyroscope,238703441,0.025067003,0.087851025,0.05259743
LinearAcceleration,238703442,0.036361936,-0.09876082,0.10968436
Gyroscope,238703461,0.019740682,0.09104682,0.05472796
LinearAcceleration,238703462,0.026934769,-0.110731825,0.07691373
Gyroscope,238703481,0.013349094,0.089981556,0.05259743
LinearAcceleration,238703482,0.051774614,-0.13063364,0.05761048
Gyroscope,238703501,0.006957508,0.08891629,0.04727111
LinearAcceleration,238703502,0.050278235,-0.016609775,0.06359598
Gyroscope,238703521,0.013349094,0.08678576,0.04514058
LinearAcceleration,238703522,0.07347207,-0.029029695,0.045789108
Gyroscope,238703542,0.026132269,0.07932891,0.04087952
LinearAcceleration,238703548,0.06075287,-0.13257892,0.09771336
Gyroscope,238703561,0.020805946,0.070806794,0.027031085
LinearAcceleration,238703565,0.040402155,-0.17627311,0.07347207
Gyroscope,238703580,0.010153302,0.06441521,0.015313176
LinearAcceleration,238703581,0.0055365916,-0.1213561,0.07317279
Gyroscope,238704314,0.0048269792,0.061219417,0.0131826475
LinearAcceleration,238704318,-0.027234044,-0.095169514,0.054767363
Gyroscope,238704330,-0.0015646071,0.06334995,0.0131826475
LinearAcceleration,238704331,-0.038007952,-0.0796072,0.031124622
Gyroscope,238704331,-0.003695136,0.06654574,0.014247912
LinearAcceleration,238704332,-0.008379706,-0.006434417,0.052822076
Gyroscope,238704332,0.003761715,0.06974153,0.019574234
LinearAcceleration,238704332,0.0011971008,-0.035164837,0.08454525
Gyroscope,238704333,0.009088038,0.06654574,0.01637844
LinearAcceleration,238704333,0.011821371,-0.09053075,0.06299743
Gyroscope,238704334,0.074069165,0.042044654,0.014247912
LinearAcceleration,238704334,-0.018255789,0.05267244,-0.023942016
Gyroscope,238704334,0.08046076,0.03139201,0.0057257963
LinearAcceleration,238704335,-0.058807578,0.03606266,-0.0037409402
Gyroscope,238704335,0.35103792,-0.17420402,0.04514058
LinearAcceleration,238704336,0.25782558,0.17088614,-0.03561375
Gyroscope,238704336,0.34464633,-0.20722722,0.050466903
LinearAcceleration,238704337,0.21218613,0.010324995,-0.10474633
Gyroscope,238704337,0.31694946,-0.2349241,0.044075314
LinearAcceleration,238704337,0.14185645,0.14529811,-0.197372
Gyroscope,238704341,0.30949262,-0.25303358,0.04514058
LinearAcceleration,238704341,0.03067571,0.11327567,-0.23373394
Gyroscope,238704360,0.30629683,-0.25729465,0.04833637
LinearAcceleration,238704361,-0.039055414,0.03067571,-0.25767595
Gyroscope,238704380,0.29031783,-0.24664201,0.039814256
LinearAcceleration,238704381,-0.13751696,0.0028431145,-0.3357868
Gyroscope,238704400,0.2764694,-0.22107565,0.032357406
LinearAcceleration,238704401,-0.13617022,0.07466917,-0.38382047
Gyroscope,238704420,0.27753466,-0.19231352,0.034487937
LinearAcceleration,238704421,-0.07407062,0.041150343,-0.3636194
Gyroscope,238704442,0.282861,-0.16994296,0.034487937
LinearAcceleration,238704443,-0.027084406,-0.13392566,-0.358831
Gyroscope,238704462,0.26688203,-0.15609452,0.023835292
LinearAcceleration,238704463,0.025438393,-0.14649522,-0.3266589
Gyroscope,238704482,0.24664201,-0.15289873,0.014247912
LinearAcceleration,238704483,0.09382278,-0.20679916,-0.28700492
Gyroscope,238704501,0.2168146,-0.15609452,3.9947417E-4
LinearAcceleration,238704503,0.07990648,-0.21278468,-0.24361002
Gyroscope,238704522,0.1837914,-0.15502927,-0.014514227
LinearAcceleration,238704523,-0.0067336923,-0.13572131,-0.26126727
Gyroscope,238704542,0.15822506,-0.14118083,-0.030493194
LinearAcceleration,238704543,-0.12689269,-0.0700304,-0.29104513
Gyroscope,238704562,0.1507682,-0.11028816,-0.045406897
LinearAcceleration,238704563,-0.20500351,-0.0035913025,-0.30211833
Gyroscope,238704581,0.14757241,-0.06661232,-0.047537424
LinearAcceleration,238704582,-0.24839842,-0.09561843,-0.29912558
Gyroscope,238704602,0.13372397,-0.018675417,-0.045406897
LinearAcceleration,238704603,-0.14589667,-0.1388637,-0.26276365
Gyroscope,238704622,0.104961835,0.015413045,-0.047537424
LinearAcceleration,238704623,-0.0199018,0.04878186,-0.22415714
Gyroscope,238704642,0.091113396,0.03139201,-0.04114584
LinearAcceleration,238704643,0.050727148,0.046986207,-0.18210897
Gyroscope,238704662,0.07939549,0.032457277,-0.039015308
LinearAcceleration,238704663,0.07975684,0.02498948,-0.16175826
Gyroscope,238704682,0.06661232,0.030326746,-0.04114584
LinearAcceleration,238704683,0.038456865,0.17402853,-0.18974048
Gyroscope,238704702,0.07087337,0.034587804,-0.028362665
LinearAcceleration,238704703,0.047584757,0.09068039,-0.15263036
Gyroscope,238704722,0.07939549,0.038848862,-0.023036344
LinearAcceleration,238704723,0.040551793,0.06075287,-0.14335282
Gyroscope,238704742,0.08578707,0.034587804,-0.035819516
LinearAcceleration,238704743,0.05865794,-0.011671733,-0.16534956
Gyroscope,238704762,0.091113396,0.025000425,-0.06351639
LinearAcceleration,238704763,0.004489128,0.032172084,-0.22161329
Gyroscope,238704782,0.09963551,0.018608838,-0.08801747
LinearAcceleration,238704783,-0.0350152,0.082899235,-0.22071546
Gyroscope,238704802,0.107092366,0.02180463,-0.09227853
LinearAcceleration,238704803,-0.04369418,-0.021996727,-0.18794483
Gyroscope,238704822,0.09750499,0.02393516,-0.08801747
LinearAcceleration,238704823,-0.002992752,-0.14425065,-0.17717093
Gyroscope,238704841,0.06661232,0.02180463,-0.08588695
LinearAcceleration,238704843,-0.023044191,-0.088585466,-0.19138649
Gyroscope,238704862,0.037850175,0.02393516,-0.07203851
LinearAcceleration,238704863,-0.049530048,-0.032022446,-0.229993
Gyroscope,238704882,0.022936475,0.028196217,-0.054994278
LinearAcceleration,238704883,-0.055964466,-0.069731124,-0.25318682
Gyroscope,238704902,0.01228383,0.028196217,-0.05605954
LinearAcceleration,238704903,-0.05581483,0.020051438,-0.2359785
Gyroscope,238704922,0.014414359,0.028196217,-0.05819007
LinearAcceleration,238704923,-0.012719196,0.18001404,-0.20440497
Gyroscope,238704942,0.030393325,0.026065689,-0.04434163
LinearAcceleration,238704943,0.049829323,0.06988076,-0.11866262
Gyroscope,238704962,0.032523856,0.015413045,-0.035819516
LinearAcceleration,238704963,0.08888474,0.06539164,-0.13841479
Gyroscope,238704982,0.028262798,0.0015646071,-0.028362665
LinearAcceleration,238704983,0.096815534,0.15307927,-0.14454992
Gyroscope,238705002,0.03891544,-0.010153302,-0.012383699
LinearAcceleration,238705003,0.035164837,0.042048167,-0.130484
Gyroscope,238705022,0.037850175,-0.018675417,-0.0102531705
LinearAcceleration,238705023,0.0053869537,0.0019452889,-0.13347675
Gyroscope,238705042,0.032523856,-0.019740682,-0.011318435
LinearAcceleration,238705043,-0.023343466,0.055216275,-0.12988544
Gyroscope,238705062,0.035719648,-0.016544888,-0.0038615835
LinearAcceleration,238705063,-0.006135142,-0.041599255,-0.09861118
Gyroscope,238705082,0.026132269,-0.016544888,-0.011318435
LinearAcceleration,238705083,5.985504E-4,-0.007631518,-0.10923545
Gyroscope,238705102,0.02400174,-0.017610153,-0.025166873
LinearAcceleration,238705104,0.0025438394,0.08080431,-0.12030864
Gyroscope,238705122,0.032523856,-0.020805946,-0.028362665
LinearAcceleration,238705123,-0.0010474633,0.0047884034,-0.11731588
Gyroscope,238705141,0.032523856,-0.022936475,-0.03368899
LinearAcceleration,238705141,-0.03067571,0.033967737,-0.09546879
Gyroscope,238705160,0.035719648,-0.021871211,-0.028362665
LinearAcceleration,238705161,-0.024241293,0.028431145,-0.084096335
Gyroscope,238705181,0.03891544,-0.018675417,-0.01771002
LinearAcceleration,238705181,-0.015113398,-0.036511578,-0.088136554
Gyroscope,238705201,0.03145859,-0.016544888,-0.012383699
LinearAcceleration,238705201,-0.011522096,-0.008529344,-0.04997896
Gyroscope,238705222,0.026132269,-0.017610153,-0.002796319
LinearAcceleration,238705223,-0.0038905777,-0.03232172,-0.060453594
Gyroscope,238705242,0.018675417,-0.015479623,0.00892159
LinearAcceleration,238705243,-0.014814123,-0.0338181,-0.05581483
Gyroscope,238705262,0.016544888,-0.01228383,0.01637844
LinearAcceleration,238705263,-0.027832596,0.08678981,-0.09591771
Gyroscope,238705282,0.022936475,-0.006957508,0.025965821
LinearAcceleration,238705283,0.0077811554,0.10758944,-0.06180033
Gyroscope,238705302,0.029328061,-0.0058922437,0.034487937
LinearAcceleration,238705303,0.013766659,-0.04563947,-0.020350715
Gyroscope,238705322,0.016544888,-0.015479623,0.018508969
LinearAcceleration,238705323,0.013617022,-0.026186582,-0.057760116
Gyroscope,238705342,0.006957508,-0.021871211,0.002530003
LinearAcceleration,238705343,-0.042048167,0.1738789,-0.106093064
Gyroscope,238705362,0.025067003,-0.010153302,0.024900556
LinearAcceleration,238705363,-0.06254852,0.009127894,-0.07466917
Gyroscope,238705382,0.036784913,0.005825665,0.04727111
LinearAcceleration,238705383,-0.05955577,-0.30451253,-0.10788871
Gyroscope,238705402,0.009088038,0.018608838,0.03342267
LinearAcceleration,238705403,-0.044292733,-0.39444473,-0.21218613
Gyroscope,238705422,-0.03352254,0.03565307,0.025965821
LinearAcceleration,238705423,0.020799628,-0.4487632,-0.20425533
Gyroscope,238705442,-0.08891629,0.048436243,0.029161613
LinearAcceleration,238705443,0.12389994,-0.64598554,-0.16819267
Gyroscope,238705462,-0.17733324,0.046305712,0.012117383
LinearAcceleration,238705463,0.207697,-0.63640875,-0.10250176
Gyroscope,238705482,-0.27214178,0.030326746,-0.025166873
LinearAcceleration,238705484,0.21562779,-0.18136078,-0.17492636
Gyroscope,238705502,-0.29770812,0.011151987,-0.047537424
LinearAcceleration,238705503,0.2510919,0.38411975,-0.18629882
Gyroscope,238705522,-0.24231437,-0.011218566,-0.031558458
LinearAcceleration,238705523,0.240318,0.39848495,-0.11312603
Gyroscope,238705541,-0.17626797,-0.037850175,-0.02942793
LinearAcceleration,238705542,0.21547815,0.24974516,-0.0537199
Gyroscope,238705562,-0.13791846,-0.06874284,-0.064581655
LinearAcceleration,238705564,0.104297414,0.39160162,-0.10534488
Gyroscope,238705582,-0.09211209,-0.091113396,-0.093343794
LinearAcceleration,238705583,-0.0362123,0.39220017,-0.23193829
Gyroscope,238705602,-0.04310992,-0.092178665,-0.10719223
LinearAcceleration,238705603,-0.1551742,0.30047232,-0.33189622
Gyroscope,238705622,-0.011151987,-0.074069165,-0.110388026
LinearAcceleration,238705623,-0.21398178,0.11836334,-0.33369187
Gyroscope,238705642,-0.003695136,-0.0431765,-0.108257495
LinearAcceleration,238705643,-0.23208793,0.009277532,-0.30092123
Gyroscope,238705662,-0.005825665,-0.011218566,-0.11145329
LinearAcceleration,238705663,-0.22595279,0.016759412,-0.28146833
Gyroscope,238705682,0.003761715,0.019674102,-0.108257495
LinearAcceleration,238705683,-0.15143326,-0.03995324,-0.21398178
Gyroscope,238705702,0.006957508,0.046305712,-0.10612697
LinearAcceleration,238705703,-0.13257892,-0.2391209,-0.17058687
Gyroscope,238705722,-0.003695136,0.06654574,-0.109322764
LinearAcceleration,238705723,-0.11312603,-0.18240824,-0.11956045
Gyroscope,238705742,-0.01647831,0.08678576,-0.110388026
LinearAcceleration,238705743,-0.0827496,-0.15532383,-0.074220255
Gyroscope,238705762,-0.022869896,0.102764726,-0.109322764
LinearAcceleration,238705763,-0.0028431145,-0.07676409,0.0011971008
Gyroscope,238705782,-0.017543573,0.10702579,-0.11251856
LinearAcceleration,238705783,0.050727148,0.033518825,0.026485857
Gyroscope,238705802,0.0026964506,0.09956893,-0.11251856
LinearAcceleration,238705803,0.07556699,0.04878186,0.017657237
