Gyroscope,3271427,-0.0939763,-0.07233811,0.07453522
LinearAcceleration,3271428,-0.0911293,-0.4611831,-0.42826283
Gyroscope,3271441,-0.08545418,-0.05955494,0.07560048
LinearAcceleration,3271442,-0.13706805,-0.35703534,-0.42796355
Gyroscope,3271461,-0.08225839,-0.035053857,0.07773101
LinearAcceleration,3271462,-0.19647418,-0.3079542,-0.4551976
Gyroscope,3271482,-0.064148895,0.001165133,0.08305734
LinearAcceleration,3271483,-0.18315643,0.039653964,-0.6890812
Gyroscope,3271501,-0.03219096,0.04164518,0.09051419
LinearAcceleration,3271502,-0.1882441,-0.33922845,-0.59106857
Gyroscope,3271522,0.013615411,0.08212523,0.07773101
LinearAcceleration,3271525,-0.15487492,-0.036511578,-0.74055654
Gyroscope,3271544,0.0647481,0.101299986,0.060686782
LinearAcceleration,3271545,0.118213706,0.07167641,-0.70643914
Gyroscope,3271563,0.07327022,0.0949084,0.056425724
LinearAcceleration,3271565,0.20560206,0.069731124,-0.64568627
Gyroscope,3271581,0.040247023,0.08105996,0.056425724
LinearAcceleration,3271582,0.15547347,0.20051439,-0.6513725
Gyroscope,3271601,0.021072261,0.07679891,0.06494784
LinearAcceleration,3271602,0.024241293,0.08334815,-0.5575497
Gyroscope,3271621,0.011484882,0.08212523,0.046838347
LinearAcceleration,3271622,-0.05192425,0.6937199,-0.7103297
Gyroscope,3271642,-0.0044940845,0.084255755,-0.006424876
LinearAcceleration,3271643,-0.23433249,2.033575,-0.5720646
Gyroscope,3271662,0.07646601,0.13112739,0.08838366
LinearAcceleration,3271664,-0.015562311,-0.08499416,-0.17761984
Gyroscope,3271682,0.05409546,0.14497583,0.068143636
LinearAcceleration,3271684,-0.100257196,0.9235633,0.21682489
Gyroscope,3271702,0.028529113,0.16202006,0.095840506
LinearAcceleration,3271703,-0.04623802,0.21039048,0.5756559
Gyroscope,3271724,0.0018975022,0.1609548,0.07346996
LinearAcceleration,3271727,-0.13018471,0.78454995,0.5494693
Gyroscope,3271742,0.01574594,0.1545632,0.022337263
LinearAcceleration,3271743,-0.2486977,0.93493575,0.41210195
Gyroscope,3271765,0.0977713,0.1641506,-0.008555405
LinearAcceleration,3271766,-0.39968204,0.82599956,0.3824737
Gyroscope,3271782,0.20749354,0.18758641,-0.02453437
LinearAcceleration,3271784,-0.37873277,0.29328972,0.18914193
Gyroscope,3271804,0.29164943,0.20463064,-0.039448075
LinearAcceleration,3271806,-0.3808277,-0.20635025,0.44023383
Gyroscope,3271822,0.31615052,0.22167487,-0.014946992
LinearAcceleration,3271823,-0.20395605,-0.811784,0.58089316
Gyroscope,3271843,0.2351904,0.20889169,-0.011751198
LinearAcceleration,3271854,-0.12434885,-1.0446202,0.73950905
Gyroscope,3271863,0.10735868,0.18971694,0.015945677
LinearAcceleration,3271864,-0.07855974,-1.0326492,0.9461586
Gyroscope,3271882,-0.04710466,0.16734639,0.060686782
LinearAcceleration,3271884,-0.024690205,-0.92655605,1.060781
Gyroscope,3271903,-0.21541645,0.13006213,0.06707837
LinearAcceleration,3271905,-0.092775315,-0.62698156,0.89603
Gyroscope,3271923,-0.31022498,0.09916946,0.044707816
LinearAcceleration,3271925,-0.16445173,-0.21039048,0.60917467
Gyroscope,3271946,-0.29318073,0.0799947,0.00955409
LinearAcceleration,3271947,-0.2451064,-0.21472996,0.38860887
Gyroscope,3271962,-0.2164817,0.086386286,-0.012816463
LinearAcceleration,3271963,-0.2901473,-0.18210897,0.21951836
Gyroscope,3271983,-0.13339108,0.12047475,-0.013881727
LinearAcceleration,3271983,-0.39249945,-0.25767595,0.07706337
Gyroscope,3272003,-0.048169926,0.18226008,0.0052930326
LinearAcceleration,3272004,-0.38441902,-0.38277298,-0.05192425
Gyroscope,3272022,0.03279017,0.2387191,0.00955409
LinearAcceleration,3272025,-0.3684078,-0.5550059,-0.13557167
Gyroscope,3272041,0.09137972,0.2834602,0.0052930326
LinearAcceleration,3272042,-0.33952773,-0.76644385,-0.17103578
Gyroscope,3272062,0.11481553,0.31328762,-0.001098554
LinearAcceleration,3272062,-0.3573346,-0.76928693,-0.20245968
Gyroscope,3272082,0.12440291,0.3399192,0.013815148
LinearAcceleration,3272083,-0.31483752,-0.85562783,-0.24645314
Gyroscope,3272102,0.12014186,0.36335504,0.032989908
LinearAcceleration,3272102,-0.27727848,-0.71796125,-0.20874447
Gyroscope,3272121,0.11055447,0.37720346,0.05749099
LinearAcceleration,3272123,-0.20260932,-0.9057564,-0.124648124
Gyroscope,3272141,0.07859654,0.3761382,0.06707837
LinearAcceleration,3272142,-0.13781624,-1.1966519,0.043993454
Gyroscope,3272163,0.0082890885,0.3580287,0.04790361
LinearAcceleration,3272164,-0.107140526,-1.2539631,0.24899697
Gyroscope,3272181,-0.06627942,0.33139712,0.025533056
LinearAcceleration,3272184,-0.0827496,-0.9840169,0.15427637
Gyroscope,3272202,-0.14191319,0.29091707,-0.01920805
LinearAcceleration,3272203,-0.1695394,-0.1894412,0.020949265
Gyroscope,3272222,-0.1749364,0.2589591,-0.03199122
LinearAcceleration,3272223,-0.23089083,0.5810428,-0.20350714
Gyroscope,3272242,-0.15256584,0.2387191,-0.037317544
LinearAcceleration,3272244,-0.30630818,1.3063363,-0.43724108
Gyroscope,3272261,-0.04923519,0.23126225,-0.033056486
LinearAcceleration,3272262,-0.3338415,1.5046061,-0.4786907
Gyroscope,3272281,0.088183925,0.23019698,-0.011751198
LinearAcceleration,3272282,-0.21323359,1.2298715,-0.32441434
Gyroscope,3272302,0.14144714,0.20143485,-0.040513337
LinearAcceleration,3272303,0.094570965,2.5396495,-0.6404489
Gyroscope,3272321,0.17766613,0.1428453,-0.05542704
LinearAcceleration,3272323,-0.10803835,0.5916671,0.092176765
Gyroscope,3272341,0.21601565,0.11834422,-0.057557568
LinearAcceleration,3272343,0.06254852,0.52178633,-0.23942018
Gyroscope,3272361,0.14996926,0.057624146,-0.1523661
LinearAcceleration,3272362,0.01690905,1.4586674,-0.18495208
Gyroscope,3272381,0.11481553,0.025666215,-0.15130083
LinearAcceleration,3272382,-0.0688333,0.7116765,0.20844519
Gyroscope,3272402,0.05196493,0.0075567197,-0.17154086
LinearAcceleration,3272404,-0.022146367,1.2502222,-0.027832596
Gyroscope,3272422,0.022137526,9.986854E-5,-0.18112825
LinearAcceleration,3272424,-0.060303956,0.7870938,0.34880525
Gyroscope,3272443,0.06581337,0.04910203,-0.085254446
LinearAcceleration,3272444,0.080505036,-0.61381346,0.65511346
Gyroscope,3272470,0.08179233,0.087451555,-0.09271129
LinearAcceleration,3272471,0.18749592,-0.43769,0.37259763
Gyroscope,3272490,0.14783873,0.100234725,-0.124669224
LinearAcceleration,3272497,0.16130935,0.066139825,0.25842413
Gyroscope,3272503,0.23625568,0.12047475,-0.06394915
LinearAcceleration,3272504,0.3772364,-0.70883334,0.4897639
Gyroscope,3272521,0.19151457,0.11940949,-0.014946992
LinearAcceleration,3272522,0.4604349,-1.0805331,0.5125088
Gyroscope,3272542,0.0498344,0.09597367,-0.01920805
LinearAcceleration,3272542,0.4014777,-0.4830302,0.3736451
Gyroscope,3272561,-0.04710466,0.07466838,-0.001098554
LinearAcceleration,3272562,0.35718498,-0.5256769,0.24286184
Gyroscope,3272582,-0.08864997,0.065081,0.020206735
LinearAcceleration,3272582,0.33189622,-0.83183545,0.044741645
Gyroscope,3272601,-0.092911035,0.05549362,0.006358297
LinearAcceleration,3272602,0.24585459,-0.8132804,-0.14948797
Gyroscope,3272622,-0.0609531,0.05123256,0.0084888255
LinearAcceleration,3272622,0.21398178,-0.9223662,-0.2371756
Gyroscope,3272642,-0.035386752,0.044840973,0.004227768
LinearAcceleration,3272643,0.13362639,-0.9639655,-0.43918636
Gyroscope,3272662,-0.0130162,0.040579915,-0.012816463
LinearAcceleration,3272663,0.015113398,-0.9259575,-0.6509236
Gyroscope,3272682,0.0349207,0.042710446,-0.016012255
LinearAcceleration,3272682,0.0017956513,-1.0907085,-0.73935944
Gyroscope,3272703,0.07327022,0.04590624,-0.010685934
LinearAcceleration,3272706,0.07287352,-1.1604396,-0.6991069
Gyroscope,3272722,0.072204955,0.03418833,-0.025599636
LinearAcceleration,3272722,0.15577275,-1.0239701,-0.73831195
Gyroscope,3272741,0.06581337,0.018209364,-0.03625228
LinearAcceleration,3272742,0.16175826,-1.0111012,-0.65391636
Gyroscope,3272761,0.055160724,0.0032956619,-0.039448075
LinearAcceleration,3272762,0.23044191,-0.8644565,-0.5128081
Gyroscope,3272781,0.041312285,-0.013748569,-0.037317544
LinearAcceleration,3272782,0.29029694,-1.1408371,-0.29553428
Gyroscope,3272802,0.014680675,-0.0307928,-0.03625228
LinearAcceleration,3272802,0.32995093,-0.969951,-0.26036942
Gyroscope,3272822,-0.021538315,-0.036119122,-0.014946992
LinearAcceleration,3272822,0.26665422,-1.0453683,0.012569559
Gyroscope,3272841,-0.06734469,-0.013748569,0.052164666
LinearAcceleration,3272842,0.23253684,-0.9072528,0.030376434
Gyroscope,3272862,-0.15469638,0.0043609263,0.051099405
LinearAcceleration,3272863,0.11806407,0.30855274,-0.22370823
Gyroscope,3272881,-0.19198063,0.024600951,0.046838347
LinearAcceleration,3272882,0.009427169,0.9959879,-0.29538465
Gyroscope,3272901,-0.1749364,0.05336309,0.022337263
LinearAcceleration,3272902,-0.054617725,1.3078327,-0.46417585
Gyroscope,3272922,-0.08864997,0.098104194,-0.0053596115
LinearAcceleration,3272922,-0.14260463,1.5035586,-0.48811787
Gyroscope,3272941,0.04450808,0.17373797,0.021272
LinearAcceleration,3272942,-0.077213004,1.103278,-0.1818097
Gyroscope,3272961,0.12227238,0.2600244,0.07666575
LinearAcceleration,3272962,-0.12360066,0.46926352,0.20380642
Gyroscope,3272982,0.06794389,0.32180974,0.054295197
LinearAcceleration,3272983,-0.15547347,3.502268,-0.8029554
Gyroscope,3273002,0.07540075,0.3409845,0.02872885
LinearAcceleration,3273003,-0.59376204,2.7205613,-0.42766428
Gyroscope,3273022,0.2234725,0.40916142,0.15656058
LinearAcceleration,3273023,-0.15607202,2.0754735,-0.6039374
Gyroscope,3273042,0.26927888,0.40490034,0.17786586
LinearAcceleration,3273042,-0.03441665,-0.7142203,0.56637836
Gyroscope,3273778,0.26927888,0.38892138,0.17893113
LinearAcceleration,3273778,-0.1189619,-1.9256864,0.64568627
Gyroscope,3273779,0.15955664,0.30583075,-0.061818626
LinearAcceleration,3273780,-0.26844987,0.17103578,0.16160862
Gyroscope,3273781,0.1936451,0.25469807,-0.13851766
LinearAcceleration,3273783,-0.34431612,-0.26081836,0.40043023
Gyroscope,3273783,0.20749354,0.2206096,-0.13958293
LinearAcceleration,3273784,-0.26066872,-1.143381,0.91099375
Gyroscope,3273784,0.07113969,0.16628112,-0.1821935
LinearAcceleration,3273785,-0.25408465,-1.6086043,1.1115081
Gyroscope,3273786,-0.13019529,0.08851682,-0.25889254
LinearAcceleration,3273786,-0.40521863,-0.9165303,1.0841244
Gyroscope,3273787,-0.27187544,0.030992538,-0.2780673
LinearAcceleration,3273788,-0.47061026,-0.648679,0.9282021
Gyroscope,3273789,-0.3421829,0.018209364,-0.2301304
LinearAcceleration,3273789,-0.56054246,-0.23523031,0.5805939
Gyroscope,3273790,-0.31448603,0.046971504,-0.14703979
LinearAcceleration,3273790,-0.56982,0.06988076,0.21667525
Gyroscope,3273791,-0.17387113,0.09916946,-0.037317544
LinearAcceleration,3273791,-0.47090954,-0.05686229,0.033369187
Gyroscope,3273791,-0.031125695,0.14178003,0.035120435
LinearAcceleration,3273792,-0.31139585,-0.5445312,0.039205052
Gyroscope,3273792,0.0647481,0.15136741,0.051099405
LinearAcceleration,3273793,-0.21039048,-1.0512042,0.018255789
Gyroscope,3273793,0.11481553,0.13645372,0.031924643
LinearAcceleration,3273794,-0.12913725,-1.3931261,0.055964466
Gyroscope,3273794,0.115880795,0.10875684,0.013815148
LinearAcceleration,3273795,-0.103249945,-1.6717514,0.12629414
Gyroscope,3273795,0.07113969,0.085321024,-0.004294347
LinearAcceleration,3273796,-0.10579379,-1.4959271,0.044741645
Gyroscope,3273796,0.041312285,0.071472585,-0.013881727
LinearAcceleration,3273797,-0.1997662,-1.1849802,-0.09023148
Gyroscope,3273797,0.058356516,0.07892944,0.0084888255
LinearAcceleration,3273798,-0.27353755,-1.0869676,-0.07736264
Gyroscope,3273798,0.07646601,0.09277787,0.03085938
LinearAcceleration,3273799,-0.25662848,-1.0377368,-0.041599255
Gyroscope,3273799,0.07859654,0.08958208,0.022337263
LinearAcceleration,3273800,-0.26081836,-0.75731593,-0.15502456
Gyroscope,3273801,0.072204955,0.060819943,-0.01707752
LinearAcceleration,3273802,-0.28954875,0.17118542,-0.38097733
Gyroscope,3273802,0.08392286,0.02673148,-0.03625228
LinearAcceleration,3273803,-0.3450643,0.82225865,-0.5069722
Gyroscope,3273803,0.10416289,0.0043609263,-0.020273313
LinearAcceleration,3273804,-0.2653075,0.655712,-0.34551322
Gyroscope,3273804,0.09244498,-0.020140156,-0.011751198
LinearAcceleration,3273805,-0.07526772,0.23343466,-0.004638766
Gyroscope,3273805,0.0498344,-0.053163353,-0.0053596115
LinearAcceleration,3273806,0.07571663,-0.05746084,0.45489833
Gyroscope,3273807,-0.064148895,-0.14584136,-0.11508185
LinearAcceleration,3273808,0.28820202,3.540276,-0.46821606
Gyroscope,3273808,-0.057757307,-0.25769413,-0.19604194
LinearAcceleration,3273809,-0.1551742,0.32935238,0.40955812
Gyroscope,3273810,-0.006624613,-0.28432572,-0.23545673
LinearAcceleration,3273811,0.06419453,2.3716063,0.017956512
Gyroscope,3273811,0.074335486,-0.31947947,-0.2546315
LinearAcceleration,3273812,0.20874447,2.040608,-0.07751228
Gyroscope,3273812,0.15316506,-0.30136997,-0.1342566
LinearAcceleration,3273813,0.11148002,0.25692776,0.89827454
Gyroscope,3273813,0.10629342,-0.26302046,-0.07353654
LinearAcceleration,3273814,0.30989948,1.122282,0.34207156
Gyroscope,3273814,0.086053394,-0.24278042,-0.070340745
LinearAcceleration,3273815,0.3402759,1.0886136,0.16804303
Gyroscope,3273815,0.16914402,-0.19058247,0.04257729
LinearAcceleration,3273816,0.47210664,0.10818799,0.5282208
Gyroscope,3273816,0.14038187,-0.15542874,0.10862368
LinearAcceleration,3273817,0.57760113,-1.0208278,0.9132383
Gyroscope,3273817,8.322378E-4,-0.1298624,0.13632056
LinearAcceleration,3273818,0.5789479,-0.7731775,0.9267057
Gyroscope,3273818,-0.1685448,-0.11281816,0.13845108
LinearAcceleration,3273819,0.6283283,-0.5702689,0.9947908
Gyroscope,3273819,-0.3187471,-0.10110025,0.15123425
LinearAcceleration,3273820,0.52777183,-1.0049661,1.230919
Gyroscope,3273822,-0.43912196,-0.106426574,0.092644714
LinearAcceleration,3273826,0.41943422,-0.76464814,0.96546185
Gyroscope,3273827,-0.4263388,-0.1266666,-0.014946992
LinearAcceleration,3273827,0.17417817,-0.28505963,0.5152023
Gyroscope,3273829,-0.2708102,-0.12027501,-0.069275476
LinearAcceleration,3273829,-0.063296705,-0.13078327,0.07496844
Gyroscope,3273842,-0.079062596,-0.08831708,-0.083123915
LinearAcceleration,3273843,-0.116418056,-0.15502456,-0.22475569
Gyroscope,3273865,0.10842395,-0.033988595,-0.03412175
LinearAcceleration,3273866,-0.08678981,-0.77242935,-0.40701428
Gyroscope,3273882,0.22134197,0.0118177775,0.015945677
LinearAcceleration,3273883,0.050427873,-1.3946224,-0.341473
Gyroscope,3273904,0.22879882,0.03418833,0.03831623
LinearAcceleration,3273908,0.10729016,-1.8010383,-0.27997196
Gyroscope,3273922,0.14783873,0.029927272,0.023402527
LinearAcceleration,3273923,0.17732057,-1.8022354,-0.37095162
Gyroscope,3273942,0.04450808,0.013948306,-0.01920805
LinearAcceleration,3273943,0.11148002,-1.6537948,-0.34521395
Gyroscope,3273962,-0.033256225,0.0064914552,-0.044774394
LinearAcceleration,3273963,0.08499416,-1.75899,-0.20964229
Gyroscope,3273982,-0.122738436,0.010752513,-0.054361776
LinearAcceleration,3273983,0.10055647,-1.2773066,-0.3254618
Gyroscope,3274002,-0.19624168,0.017144099,-0.052231245
LinearAcceleration,3274003,0.026186582,-0.33444005,-0.39683893
Gyroscope,3274023,-0.2047638,0.04164518,-0.006424876
LinearAcceleration,3274023,-0.028431145,-0.5348048,-0.4595371
Gyroscope,3274042,-0.18452378,0.052297827,-0.040513337
LinearAcceleration,3274042,-0.12599486,0.6326678,-0.81043726
Gyroscope,3274063,-0.109955266,0.056558885,-0.06607968
LinearAcceleration,3274064,-0.06928221,1.4047978,-0.8710405
Gyroscope,3274082,-0.010885671,0.07466838,-0.011751198
LinearAcceleration,3274084,-0.101454295,0.71481884,-0.5469254
Gyroscope,3274103,0.025333319,0.10343052,0.04257729
LinearAcceleration,3274104,-0.047584757,0.2136825,-0.20649989
Gyroscope,3274122,-0.018342521,0.13964951,0.07773101
LinearAcceleration,3274123,-0.0947206,1.1498153,-0.35239655
Gyroscope,3274142,-0.122738436,0.14817162,0.03831623
LinearAcceleration,3274146,-0.23747487,2.5466824,-0.16729484
Gyroscope,3274162,-0.079062596,0.20889169,0.14803846
LinearAcceleration,3274163,0.015562311,1.0043676,-0.587178
Gyroscope,3274190,-0.06734469,0.2238054,0.092644714
LinearAcceleration,3274191,-0.08574235,1.9418472,0.07317279
Gyroscope,3274209,-0.024734108,0.24617594,0.10436262
LinearAcceleration,3274210,-0.07691373,0.6299743,0.53106385
Gyroscope,3274226,-2.330266E-4,0.26961178,0.11395001
LinearAcceleration,3274228,0.12943652,-0.7706337,0.9504981
Gyroscope,3274249,-0.03964781,0.24511069,-0.025599636
LinearAcceleration,3274256,0.05057751,0.207697,0.37439328
Gyroscope,3274263,-0.0055593485,0.20995696,-0.14490925
LinearAcceleration,3274264,-0.09771336,0.17372926,0.43783963
Gyroscope,3274282,0.05942178,0.2120875,-0.12360396
LinearAcceleration,3274283,0.0362123,-0.5720646,0.626383
Gyroscope,3274303,-0.026864637,0.19717379,-0.10229868
LinearAcceleration,3274305,0.043993454,-0.94316584,0.9056068
Gyroscope,3274322,-0.16747954,0.18545587,-0.047970187
LinearAcceleration,3274323,0.019303251,-0.7957728,1.0631752
Gyroscope,3274342,-0.3027681,0.16521585,0.0020972393
LinearAcceleration,3274343,0.081702136,-0.5377976,1.1638813
Gyroscope,3274362,-0.4167514,0.13538845,0.051099405
LinearAcceleration,3274363,0.06808511,-0.2638111,1.1149498
Gyroscope,3274382,-0.47001463,0.10556105,0.07560048
LinearAcceleration,3274383,0.015562311,0.03755904,0.7740753
Gyroscope,3274403,-0.3933156,0.08212523,0.07773101
LinearAcceleration,3274404,-0.024241293,0.38920742,0.30989948
Gyroscope,3274430,-0.18452378,0.06721153,0.079861544
LinearAcceleration,3274431,-0.07631518,0.11282676,0.08020575
Gyroscope,3274443,0.029594377,0.059754677,0.068143636
LinearAcceleration,3274444,-0.07811083,-0.5660791,0.013766659
Gyroscope,3274463,0.15529558,0.05336309,0.046838347
LinearAcceleration,3274465,-0.096815534,-1.1849802,-0.03755904
Gyroscope,3274483,0.18938404,0.050167296,0.035120435
LinearAcceleration,3274485,-0.08484452,-1.5321394,-0.035314474
Gyroscope,3274503,0.15849137,0.05336309,0.04364255
LinearAcceleration,3274507,-0.065541275,-1.5058032,-0.10684125
Gyroscope,3274523,0.10416289,0.061885204,0.068143636
LinearAcceleration,3274524,-0.119261175,-1.3941736,-0.16011223
Gyroscope,3274543,0.05409546,0.07892944,0.094775245
LinearAcceleration,3274545,-0.12075755,-1.1162965,-0.1818097
Gyroscope,3274569,0.031724907,0.09277787,0.10862368
LinearAcceleration,3274570,-0.1074398,-1.1867758,-0.14784196
Gyroscope,3274582,0.011484882,0.09384314,0.0841226
LinearAcceleration,3274583,0.03187281,-0.65152216,-0.21098903
Gyroscope,3274602,0.026398584,0.07253785,0.068143636
LinearAcceleration,3274603,0.021098902,-1.0007763,-0.1400608
Gyroscope,3274622,0.017876469,0.019274628,0.012749883
LinearAcceleration,3274623,-0.03561375,-0.051475335,-0.15307927
Gyroscope,3274642,-0.009820406,-0.04783703,-0.0266649
LinearAcceleration,3274643,-0.02932897,0.61770403,-0.23672669
Gyroscope,3274662,-0.035386752,-0.11281816,-0.037317544
LinearAcceleration,3274665,-0.10399814,1.1731589,-0.3302502
Gyroscope,3274682,-0.016211992,-0.16182032,-0.01920805
LinearAcceleration,3274683,-0.05761048,0.93254155,-0.12449849
Gyroscope,3274703,0.011484882,-0.21721408,-0.027730165
LinearAcceleration,3274705,-0.0068833297,0.95154554,0.034715924
Gyroscope,3274723,-0.0130162,-0.31415313,-0.14277872
LinearAcceleration,3274724,0.11043255,3.1218894,-0.16086042
Gyroscope,3274744,0.09564077,-0.3897869,-0.14703979
LinearAcceleration,3274747,0.010773907,0.59735334,0.044592008
Gyroscope,3274763,0.18618825,-0.43452802,-0.21947776
LinearAcceleration,3274765,0.11566987,2.180519,0.18555063
Gyroscope,3274783,0.24690832,-0.4675512,-0.2546315
LinearAcceleration,3274793,0.22146365,1.8406922,-0.058358666
Gyroscope,3274803,0.3225421,-0.46968174,-0.23652199
LinearAcceleration,3274805,0.13841479,1.04881,0.34880525
Gyroscope,3274823,0.35023898,-0.44198486,-0.2034988
LinearAcceleration,3274824,0.39504328,0.530615,0.18614918
Gyroscope,3274842,0.3459779,-0.4025701,-0.15343137
LinearAcceleration,3274843,0.59989715,0.36227265,-0.10564415
Gyroscope,3274862,0.35556528,-0.35889423,-0.07992812
LinearAcceleration,3274863,0.6645406,0.20754737,-0.07407062
Gyroscope,3274886,0.3672832,-0.31628367,0.027663585
LinearAcceleration,3274886,0.86999303,-0.42347443,-0.015562311
Gyroscope,3274902,0.30656314,-0.30243522,0.10116683
LinearAcceleration,3274903,0.927005,-1.1273698,0.37259763
Gyroscope,3274923,0.18299246,-0.29391313,0.17680061
LinearAcceleration,3274923,1.0501567,-1.590947,0.62488663
Gyroscope,3274942,-0.042843603,-0.3088268,0.1917143
LinearAcceleration,3274943,1.0284593,-1.2755109,0.7330746
Gyroscope,3274962,-0.27187544,-0.33545843,0.19064905
LinearAcceleration,3274963,0.84949267,-1.3298295,0.8441057
Gyroscope,3274982,-0.43379566,-0.35569844,0.17253955
LinearAcceleration,3274983,0.67306995,-1.4300866,0.71960723
Gyroscope,3275002,-0.5051684,-0.378069,0.08518787
LinearAcceleration,3275003,0.43993455,-0.8869021,0.39339727
Gyroscope,3275022,-0.41781667,-0.3833953,0.011684619
LinearAcceleration,3275023,0.26201546,-0.29179335,0.060902506
Gyroscope,3275042,-0.24524385,-0.37167743,-0.030925957
LinearAcceleration,3275043,0.19078794,-0.18749592,-0.14185645
Gyroscope,3275062,-0.08012786,-0.3514374,-0.046904925
LinearAcceleration,3275063,0.077213004,-0.6283283,-0.24615386
Gyroscope,3275083,0.039181758,-0.32906684,-0.05542704
LinearAcceleration,3275084,0.017956512,-0.9633669,-0.31109658
Gyroscope,3275105,0.09990183,-0.305631,-0.058622833
LinearAcceleration,3275105,0.0062847794,-1.4559739,-0.31468788
Gyroscope,3275122,0.09457551,-0.28326046,-0.052231245
LinearAcceleration,3275123,0.038307227,-1.534384,-0.24316111
Gyroscope,3275143,0.024268055,-0.26834676,-0.046904925
LinearAcceleration,3275143,0.10235212,-1.482759,-0.18809447
Gyroscope,3275163,-0.07267101,-0.2502373,-0.02453437
LinearAcceleration,3275163,0.12090719,-1.4279916,-0.056114104
Gyroscope,3275182,-0.16321848,-0.21827933,0.023402527
LinearAcceleration,3275183,0.110731825,-1.6262615,0.050727148
Gyroscope,3275202,-0.26335335,-0.17779928,0.05749099
LinearAcceleration,3275203,0.14903906,-0.57969606,-0.14634559
Gyroscope,3275222,-0.3038334,-0.13305819,0.08944892
LinearAcceleration,3275223,-0.037259765,-0.47614688,-0.21936873
Gyroscope,3275242,-0.27613652,-0.08299076,0.079861544
LinearAcceleration,3275243,-0.07691373,0.8702923,-0.4385878
Gyroscope,3275262,-0.19730695,-0.052098088,0.019141471
LinearAcceleration,3275263,-0.1798644,1.7378912,-0.5267244
Gyroscope,3275283,-0.043908868,9.986854E-5,0.006358297
LinearAcceleration,3275283,-0.30496144,1.1620857,-0.36137483
Gyroscope,3275302,0.07113969,0.06401573,-0.027730165
LinearAcceleration,3275303,-0.33638534,1.4098855,-0.30331543
Gyroscope,3275323,0.1574261,0.13751899,-0.052231245
LinearAcceleration,3275323,-0.40222588,2.2420204,-0.4595371
Gyroscope,3275342,0.21921144,0.19291273,-0.09271129
LinearAcceleration,3275343,-0.4765958,2.6795607,-0.33533788
Gyroscope,3275362,0.3640874,0.2781339,-0.029860694
LinearAcceleration,3275363,-0.31902736,1.5056536,-0.415394
Gyroscope,3275382,0.426938,0.322875,-0.039448075
LinearAcceleration,3275383,-0.18510172,1.4170681,0.106093064
Gyroscope,3275403,0.44398224,0.33672342,-0.0266649
LinearAcceleration,3275405,-0.18510172,0.50517654,0.5231331
Gyroscope,3275424,0.40243694,0.31754866,-0.046904925
LinearAcceleration,3275426,-0.09606735,0.3139397,0.7226
Gyroscope,3275443,0.3470432,0.29304758,-0.068210214
LinearAcceleration,3275445,-0.26351184,-0.4786907,0.9207202
Gyroscope,3275463,0.32680315,0.29730865,-0.057557568
LinearAcceleration,3275465,-0.36137483,-1.5435119,1.2940661
Gyroscope,3275487,0.30656314,0.30583075,-0.07247127
LinearAcceleration,3275489,-0.3760393,-1.6612767,1.2273277
Gyroscope,3275503,0.24158199,0.27493808,-0.18858509
LinearAcceleration,3275505,-0.33997664,0.15562311,0.75342536
Gyroscope,3275524,0.24051674,0.24937174,-0.21521671
LinearAcceleration,3275525,-0.55440736,0.026186582,0.85891986
Gyroscope,3275544,0.2501041,0.27600336,-0.13958293
LinearAcceleration,3275545,-0.56443304,-0.72678983,0.985214
Gyroscope,3275563,0.1574261,0.29517812,-0.15449663
LinearAcceleration,3275565,-0.5707178,-0.08723872,0.90635496
Gyroscope,3275583,0.113750264,0.32713604,-0.10336394
LinearAcceleration,3275585,-0.38367084,-0.30466217,1.0766426
Gyroscope,3275603,0.038116492,0.34204975,-0.0746018
LinearAcceleration,3275607,-0.3338415,-0.57251346,1.2536639
Gyroscope,3275624,-0.064148895,0.3463108,-0.08205865
LinearAcceleration,3275626,-0.27114335,-0.22355859,1.0184336
Gyroscope,3275643,-0.10036788,0.34524554,-0.107625
LinearAcceleration,3275649,-0.2575263,0.20859483,0.58268887
Gyroscope,3275665,-0.021538315,0.3527024,-0.10975552
LinearAcceleration,3275667,-0.1563713,0.36436757,0.24735096
Gyroscope,3275687,0.12333765,0.35696346,-0.08418918
LinearAcceleration,3275689,-0.07990648,0.07032967,0.19707273
Gyroscope,3275703,0.25756097,0.34844133,-0.05329651
LinearAcceleration,3275704,0.03247136,-0.56548053,0.14769232
Gyroscope,3275722,0.3225421,0.31861395,-0.052231245
LinearAcceleration,3275725,0.033518825,-0.83737206,0.10414778
Gyroscope,3275743,0.33532527,0.2813297,-0.03625228
LinearAcceleration,3275744,0.08095395,-1.1447277,0.13467385
Gyroscope,3275763,0.2927147,0.2387191,-0.013881727
LinearAcceleration,3275765,0.13736732,-1.1077672,0.10010756
Gyroscope,3275782,0.21601565,0.18545587,-0.001098554
LinearAcceleration,3275783,0.1261445,-0.91144264,0.076614454
Gyroscope,3275804,0.1457082,0.12686634,0.024467792
LinearAcceleration,3275805,0.19048867,-0.7906851,0.0923264
Gyroscope,3275823,0.070074424,0.05868941,0.046838347
LinearAcceleration,3275824,0.23852235,-0.7517793,0.17088614
Gyroscope,3275843,-0.006624613,-0.022270685,0.068143636
LinearAcceleration,3275845,0.25602993,-1.0187328,0.3067571
Gyroscope,3275865,-0.0939763,-0.12773186,0.048968874
LinearAcceleration,3275867,0.30765492,-0.87912095,0.41359833
Gyroscope,3275884,-0.17387113,-0.26088992,0.019141471
LinearAcceleration,3275889,0.33354223,-1.2642882,0.6792051
Gyroscope,3275903,-0.26015756,-0.41322273,-0.012816463
LinearAcceleration,3275904,0.49993923,-1.0772412,0.7230489
Gyroscope,3275923,-0.36774924,-0.5953829,-0.047970187
LinearAcceleration,3275923,0.57834935,-0.3417723,0.7647978
Gyroscope,3275943,-0.4412525,-0.79245687,-0.047970187
LinearAcceleration,3275945,0.56413376,0.50517654,0.5695207
Gyroscope,3275963,-0.45190513,-0.9842045,0.0010319749
LinearAcceleration,3275965,0.39519292,0.6206968,0.3978864
Gyroscope,3275983,-0.44338304,-1.1535815,0.063882574
LinearAcceleration,3275984,0.16699557,1.2400469,0.10564415
Gyroscope,3276003,-0.43273038,-1.3091102,0.07346996
LinearAcceleration,3276006,-0.26201546,1.177199,-0.07152677
Gyroscope,3276023,-0.3219429,-1.3879397,0.13099423
LinearAcceleration,3276024,-0.39624038,0.3660136,-0.04189853
Gyroscope,3276043,-0.2527007,-1.417767,0.13738582
LinearAcceleration,3276044,-0.4185364,1.5858593,-0.175076
Gyroscope,3276063,-0.21754697,-1.4188323,0.1171458
LinearAcceleration,3276064,-0.6163573,1.3145664,-0.081702136
Gyroscope,3276082,-0.14723952,-1.3645039,0.110754214
LinearAcceleration,3276084,-0.44711718,1.376217,-0.14140753
Gyroscope,3276102,-0.09610683,-1.2984575,0.061752047
LinearAcceleration,3276103,-0.29104513,1.2898762,-0.13781624
Gyroscope,3276122,-0.019407786,-1.2068447,0.059621517
LinearAcceleration,3276123,-0.017806875,0.5090671,-0.043245267
Gyroscope,3276143,0.027463848,-1.1120362,0.051099405
LinearAcceleration,3276145,0.30780455,0.077811554,0.017806875
Gyroscope,3276167,0.05729125,-1.026815,0.060686782
LinearAcceleration,3276168,0.6332663,-0.44592008,0.0676362
Gyroscope,3276184,0.070074424,-0.96929073,0.07346996
LinearAcceleration,3276185,0.8892963,-0.9168296,0.18599954
Gyroscope,3276205,0.055160724,-0.9469202,0.0692089
LinearAcceleration,3276207,1.0604817,-1.0898107,0.16160862
Gyroscope,3276224,0.035985965,-0.950116,0.05322993
LinearAcceleration,3276225,1.1441292,-1.0805331,0.16295536
Gyroscope,3276248,0.013615411,-0.96396446,0.048968874
LinearAcceleration,3276256,1.2207435,-0.91668,0.17926586
Gyroscope,3276264,-0.027929902,-0.9852697,0.05749099
LinearAcceleration,3276265,1.2035353,-0.81986445,0.22176293
Gyroscope,3276288,-0.091845766,-1.0033792,0.080926806
LinearAcceleration,3276289,1.1540052,-0.6760627,0.22714989
Gyroscope,3276304,-0.17387113,-1.0150971,0.10436262
LinearAcceleration,3276305,1.0173861,-0.4818331,0.19782092
Gyroscope,3276329,-0.25376597,-1.0150971,0.11821106
LinearAcceleration,3276348,0.9415198,0.06718729,0.010025719
Gyroscope,3276350,-0.30489865,-1.0129666,0.1171458
LinearAcceleration,3276351,0.7755717,0.26126727,-0.096815534
Gyroscope,3276363,-0.30170286,-1.0001835,0.107558414
LinearAcceleration,3276363,0.71601593,0.06419453,-0.13198037
Gyroscope,3276383,-0.2889197,-1.0055097,0.066013105
LinearAcceleration,3276383,0.65646017,-0.034566287,-0.060303956
Gyroscope,3276403,-0.25909227,-1.0364025,0.011684619
LinearAcceleration,3276403,0.6145617,-0.38097733,0.08259996
Gyroscope,3276423,-0.23139541,-1.0928614,-0.037317544
LinearAcceleration,3276424,0.59585696,-0.45834,0.1436521
Gyroscope,3276443,-0.20369853,-1.1716911,-0.056492303
LinearAcceleration,3276444,0.84485394,-0.5246295,0.3167828
Gyroscope,3276464,-0.17067534,-1.3027185,-0.016012255
LinearAcceleration,3276465,1.1228806,-0.48003745,0.59870005
Gyroscope,3276484,-0.15895742,-1.4997925,0.05749099
LinearAcceleration,3276485,1.1194389,-0.50023854,0.73472065
Gyroscope,3276504,-0.19943747,-1.7224327,0.111819476
LinearAcceleration,3276505,0.74998367,-0.18375498,0.490961
Gyroscope,3276524,-0.25057018,-1.9024624,0.15549532
LinearAcceleration,3276525,0.20425533,0.089782566,0.27069443
Gyroscope,3276544,-0.24950491,-1.989814,0.2098238
LinearAcceleration,3276545,-0.40925884,0.07526772,-0.034117375
Gyroscope,3276564,-0.22606908,-1.9802268,0.2279333
LinearAcceleration,3276565,-0.90770173,0.4834791,-0.2621651
Gyroscope,3276584,-0.1717406,-1.8779613,0.24923858
LinearAcceleration,3276585,-1.198298,1.0013748,-0.5342063
Gyroscope,3276604,-0.09717209,-1.6958011,0.2961102
LinearAcceleration,3276605,-1.3548189,0.94331545,-0.6783073
Gyroscope,3276624,-0.0044940845,-1.465704,0.3419166
LinearAcceleration,3276625,-1.421258,0.66588736,-0.7137714
Gyroscope,3276644,0.0828576,-1.2292153,0.35150397
LinearAcceleration,3276645,-1.3488334,0.02813187,-0.56084174
Gyroscope,3276664,0.11055447,-1.0097708,0.32167658
LinearAcceleration,3276665,-1.1933599,-0.42392334,-0.440982
Gyroscope,3276684,0.074335486,-0.80843586,0.27693546
LinearAcceleration,3276685,-1.0016742,-0.54049104,-0.30211833
Gyroscope,3276704,0.02320279,-0.6316019,0.23539014
LinearAcceleration,3276705,-0.7933786,-0.54542905,-0.27009588
Gyroscope,3276723,-0.024734108,-0.49098703,0.18532272
LinearAcceleration,3276725,-0.61411273,-0.3899556,-0.1695394
Gyroscope,3276744,-0.05456151,-0.37700373,0.150169
LinearAcceleration,3276745,-0.4547487,-0.31229368,-0.060303956
Gyroscope,3276764,-0.08119313,-0.29604363,0.10116683
LinearAcceleration,3276765,-0.3568857,-0.19931729,0.008379706
Gyroscope,3276784,-0.08651944,-0.23425831,0.059621517
LinearAcceleration,3276786,-0.338181,-0.06778584,-2.992752E-4
Gyroscope,3276804,-0.06840995,-0.19058247,0.011684619
LinearAcceleration,3276805,-0.3672107,0.17477672,-0.13796587
Gyroscope,3276824,-0.017277258,-0.16182032,-0.037317544
LinearAcceleration,3276825,-0.3752911,0.25558102,-0.19782092
Gyroscope,3276843,0.0498344,-0.1298624,-0.029860694
LinearAcceleration,3276845,-0.29149407,-0.03935469,-0.04444237
Gyroscope,3276864,0.060487047,-0.107491836,0.004227768
LinearAcceleration,3276866,-0.25737667,-0.24615386,-0.012419921
Gyroscope,3276883,0.04237755,-0.091512874,0.051099405
LinearAcceleration,3276886,-0.31708208,-0.22819735,-0.045789108
Gyroscope,3276903,0.021072261,-0.079794966,0.09797104
LinearAcceleration,3276905,-0.42990884,-0.30526072,-0.08963293
Gyroscope,3276924,-0.0023635554,-0.06594653,0.11608053
LinearAcceleration,3276925,-0.5816414,-0.16924013,-0.14993688
Gyroscope,3276944,-0.008755142,-0.04038018,0.11501527
LinearAcceleration,3276946,-0.7422025,-0.073023155,-0.28880057
Gyroscope,3276964,0.0082890885,0.0064914552,0.10862368
LinearAcceleration,3276965,-0.8430583,0.097862996,-0.3808277
Gyroscope,3276984,0.040247023,0.069342054,0.10010157
LinearAcceleration,3276986,-0.87567925,0.03606266,-0.34671032
Gyroscope,3277003,0.06261758,0.13964951,0.08731839
LinearAcceleration,3277005,-0.82106155,-0.23882163,-0.2546832
Gyroscope,3277024,0.050899666,0.19930431,0.0361857
LinearAcceleration,3277025,-0.80310506,-0.09801263,-0.25917232
Gyroscope,3277046,0.060487047,0.25150228,-0.010685934
LinearAcceleration,3277047,-0.74624276,-0.21278468,-0.18794483
Gyroscope,3277064,0.060487047,0.29624337,-0.056492303
LinearAcceleration,3277065,-0.64927757,-0.30301616,-0.14380173
Gyroscope,3277084,0.0498344,0.32500553,-0.096972354
LinearAcceleration,3277086,-0.4870704,-0.21398178,-0.14844051
Gyroscope,3277104,0.05622599,0.3377887,-0.10549447
LinearAcceleration,3277105,-0.40776247,-0.21817163,-0.1237503
Gyroscope,3277124,0.05942178,0.3463108,-0.085254446
LinearAcceleration,3277125,-0.30376434,-0.27204117,-0.020799628
Gyroscope,3277144,0.04450808,0.3441803,-0.05329651
LinearAcceleration,3277147,-0.22041619,-0.3895067,0.1587655
Gyroscope,3277164,0.0050932956,0.32820132,-0.023469107
LinearAcceleration,3277165,-0.14724341,-0.45579615,0.2662053
Gyroscope,3277184,-0.052430984,0.3015697,0.0010319749
LinearAcceleration,3277185,-0.12120646,-0.42556936,0.33234513
Gyroscope,3277204,-0.10889,0.27280757,0.024467792
LinearAcceleration,3277205,-0.14200608,-0.2546832,0.32127193
Gyroscope,3277226,-0.14084794,0.24617594,0.041512024
LinearAcceleration,3277228,-0.19557635,-0.058358666,0.23493104
Gyroscope,3277244,-0.13978267,0.22806646,0.05003414
LinearAcceleration,3277245,-0.25258827,0.06988076,0.18959084
Gyroscope,3277265,-0.10889,0.2206096,0.05749099
LinearAcceleration,3277268,-0.24854806,0.23642741,0.14350246
Gyroscope,3277284,-0.06521416,0.2238054,0.0692089
LinearAcceleration,3277285,-0.26904842,0.092775315,0.13347675
Gyroscope,3277304,-0.024734108,0.23232752,0.06707837
LinearAcceleration,3277309,-0.2793734,0.04563947,0.07496844
Gyroscope,3277326,0.013615411,0.24404542,0.046838347
LinearAcceleration,3277345,-0.25857377,0.07691373,-0.019153614
Gyroscope,3277347,0.05729125,0.25789386,0.023402527
LinearAcceleration,3277347,-0.25602993,0.0104746325,-0.010923545
Gyroscope,3277363,0.086053394,0.27600336,0.010619354
LinearAcceleration,3277364,-0.26186582,-0.13542204,0.0023942017
Gyroscope,3277383,0.087118655,0.2983739,-0.0021638183
LinearAcceleration,3277384,-0.317531,-0.1654992,-0.0537199
Gyroscope,3277403,0.08179233,0.33246237,-0.014946992
LinearAcceleration,3277404,-0.39968204,-0.124049574,-0.14036007
Gyroscope,3277423,0.084988125,0.38466033,-0.02453437
LinearAcceleration,3277424,-0.5129577,-0.18255788,-0.17492636
Gyroscope,3277443,0.084988125,0.44964147,-0.052231245
LinearAcceleration,3277444,-0.6085761,-0.19707273,-0.24196401
Gyroscope,3277463,0.088183925,0.53060156,-0.09058077
LinearAcceleration,3277464,-0.64598554,-0.074818805,-0.3498527
Gyroscope,3277483,0.10842395,0.6232796,-0.116147116
LinearAcceleration,3277484,-0.65032506,5.985504E-4,-0.4122516
Gyroscope,3277504,0.14038187,0.72234917,-0.13212608
LinearAcceleration,3277505,-0.62563485,-0.007930793,-0.40462008
Gyroscope,3277524,0.16914402,0.81822294,-0.14597452
LinearAcceleration,3277525,-0.53899467,0.09008184,-0.48317984
Gyroscope,3277544,0.21175459,0.90450937,-0.14917031
LinearAcceleration,3277546,-0.44023383,0.025737667,-0.38621467
Gyroscope,3277563,0.24584305,0.9844042,-0.12786502
LinearAcceleration,3277564,-0.3402759,-0.12524667,-0.26515785
Gyroscope,3277584,0.2447778,1.060038,-0.080993384
LinearAcceleration,3277584,-0.2947861,-0.24914661,-0.036361936
Gyroscope,3277603,0.21281986,1.132476,-0.012816463
LinearAcceleration,3277605,-0.25483283,-0.5873276,0.2669535
Gyroscope,3277623,0.13185976,1.1857392,0.020206735
LinearAcceleration,3277624,-0.3079542,-0.68938047,0.4643255
Gyroscope,3277647,0.041312285,1.2187624,0.00955409
LinearAcceleration,3277648,-0.3187281,-0.50876784,0.47569796
Gyroscope,3277663,-0.011950935,1.2400677,-0.014946992
LinearAcceleration,3277664,-0.25737667,-0.37978023,0.46627077
Gyroscope,3277683,-0.022603579,1.2528509,-0.035187017
LinearAcceleration,3277684,-0.18121114,-0.30825347,0.46941316
Gyroscope,3277703,-0.0023635554,1.2517855,-0.056492303
LinearAcceleration,3277704,-0.100855745,-0.1806126,0.36795887
Gyroscope,3277724,0.039181758,1.2219582,-0.095907085
LinearAcceleration,3277724,-0.008529344,-0.026934769,0.272939
Gyroscope,3277745,0.09244498,1.1740212,-0.12360396
LinearAcceleration,3277746,0.14963761,-0.1882441,0.29314008
Gyroscope,3277763,0.10842395,1.1154317,-0.13319135
LinearAcceleration,3277764,0.2717419,-0.2621651,0.28625673
Gyroscope,3277783,0.09137972,1.0461895,-0.14171346
LinearAcceleration,3277784,0.26725277,-0.118213706,0.17926586
Gyroscope,3277804,0.08392286,0.9705558,-0.15662716
LinearAcceleration,3277804,0.22460605,0.045938745,-0.07152677
Gyroscope,3277823,0.11161974,0.8959873,-0.16514927
LinearAcceleration,3277824,0.18315643,0.14529811,-0.20859483
Gyroscope,3277844,0.16381769,0.83633244,-0.13638714
LinearAcceleration,3277844,0.17372926,-0.15128362,-0.14694414
Gyroscope,3277863,0.18405771,0.77987343,-0.100168146
LinearAcceleration,3277864,0.16624738,-0.26800096,-0.10699089
Gyroscope,3277883,0.17979667,0.7255449,-0.057557568
LinearAcceleration,3277884,0.080056116,-0.31019875,-0.056563016
Gyroscope,3277903,0.17127454,0.6754775,-0.012816463
LinearAcceleration,3277904,0.07811083,-0.26830024,-0.020500353
Gyroscope,3277923,0.14251241,0.6232796,0.018076206
LinearAcceleration,3277924,0.038456865,-0.29328972,0.09831191
Gyroscope,3277943,0.09031445,0.5785385,0.055360463
LinearAcceleration,3277944,0.041449618,-0.15652093,0.1937807
Gyroscope,3277963,0.013615411,0.5529721,0.11395001
LinearAcceleration,3277964,0.04623802,0.022445641,0.29314008
Gyroscope,3277983,-0.07267101,0.5519068,0.18425746
LinearAcceleration,3277984,0.013018472,0.108337626,0.33593643
Gyroscope,3278003,-0.1238037,0.5657553,0.2279333
LinearAcceleration,3278004,-0.011971008,0.27727848,0.23537995
Gyroscope,3278023,-0.106759466,0.5891911,0.2279333
LinearAcceleration,3278024,-0.017357962,0.32202014,0.114173494
Gyroscope,3278043,-0.021538315,0.616888,0.1981059
LinearAcceleration,3278044,0.018255789,0.030376434,0.16924013
Gyroscope,3278063,0.07753128,0.63819325,0.14590794
LinearAcceleration,3278064,0.054468088,-0.2964321,0.17477672
Gyroscope,3278083,0.14038187,0.64458483,0.068143636
LinearAcceleration,3278084,0.07152677,-0.60588264,0.27114335
Gyroscope,3278103,0.1574261,0.6413891,0.004227768
LinearAcceleration,3278104,0.12330139,-0.8882488,0.33234513
Gyroscope,3278123,0.115880795,0.6243448,-0.061818626
LinearAcceleration,3278124,0.111779295,-0.6241385,0.29777884
Gyroscope,3278143,0.060487047,0.600909,-0.0895155
LinearAcceleration,3278144,0.14215572,-0.43559507,0.34835634
Gyroscope,3278184,-0.0055593485,0.5678858,-0.095907085
LinearAcceleration,3278193,0.15577275,-0.30331543,0.33892918
Gyroscope,3278199,-0.08651944,0.52847105,-0.09058077
LinearAcceleration,3278199,0.15322891,-0.11222821,0.38232407
Gyroscope,3278219,-0.15469638,0.49118677,-0.067144945
LinearAcceleration,3278225,0.12808979,-0.03696049,0.36541504
Gyroscope,3278228,-0.21754697,0.4539025,-0.049035452
LinearAcceleration,3278236,0.13796587,0.16340427,0.3899556
Gyroscope,3278255,-0.26228806,0.4187488,-0.03838281
LinearAcceleration,3278255,0.06569091,0.47674543,0.30421326
Gyroscope,3278263,-0.2527007,0.39531296,-0.03625228
LinearAcceleration,3278264,-0.018704701,0.73516953,0.13512276
Gyroscope,3278293,-0.1749364,0.38146454,-0.042643867
LinearAcceleration,3278294,-0.05746084,0.8614637,-0.012270284
Gyroscope,3278304,-0.050300453,0.3761382,-0.044774394
LinearAcceleration,3278308,-0.066738375,0.6815993,-0.17328034
Gyroscope,3278324,0.07113969,0.37294242,-0.044774394
LinearAcceleration,3278324,0.0068833297,0.48557404,-0.28266543
Gyroscope,3278345,0.16594823,0.3622898,-0.03412175
LinearAcceleration,3278347,0.064493805,0.23523031,-0.3712509
Gyroscope,3278363,0.2234725,0.3399192,-0.021338578
LinearAcceleration,3278364,0.09187749,-0.07032967,-0.4631284
Gyroscope,3278383,0.24371253,0.31115708,-0.008555405
LinearAcceleration,3278384,0.1225532,-0.3645172,-0.4834791
Gyroscope,3278403,0.22879882,0.27919915,0.0010319749
LinearAcceleration,3278405,0.093972415,-0.5424363,-0.4978443
Gyroscope,3278423,0.19257984,0.24617594,-0.0021638183
LinearAcceleration,3278432,0.07317279,-0.7173627,-0.4412813
Gyroscope,3278958,0.1457082,0.21741381,-0.013881727
LinearAcceleration,3278959,-0.0058358666,-0.74639237,-0.37858313
Gyroscope,3278959,0.09670603,0.19823906,-0.027730165
LinearAcceleration,3278960,-0.033518825,-0.6076783,-0.36391866
Gyroscope,3278960,0.055160724,0.18652114,-0.03625228
LinearAcceleration,3278960,-0.13123219,-0.3266589,-0.34925416
Gyroscope,3278961,0.028529113,0.18226008,-0.044774394
LinearAcceleration,3278961,-0.19093758,-0.004938041,-0.33997664
Gyroscope,3278962,0.020006998,0.18439062,-0.050100718
LinearAcceleration,3278962,-0.27383682,0.17058687,-0.37933132
Gyroscope,3278962,0.033855435,0.19291273,-0.057557568
LinearAcceleration,3278963,-0.34162265,0.27667993,-0.43604398
Gyroscope,3278963,0.084988125,0.21528329,-0.05542704
LinearAcceleration,3278964,-0.32995093,0.21667525,-0.61141926
Gyroscope,3278964,0.15316506,0.23445804,-0.068210214
LinearAcceleration,3278965,-0.36795887,0.15337855,-0.6422446
Gyroscope,3278966,0.23305988,0.2536328,-0.07353654
LinearAcceleration,3278967,-0.32830492,0.036661215,-0.67666125
Gyroscope,3278967,0.2831273,0.26108965,-0.096972354
LinearAcceleration,3278968,-0.32770637,0.020051438,-0.7031471
Gyroscope,3278968,0.43119907,0.13858424,-0.030925957
LinearAcceleration,3278968,-0.7978677,-1.4167689,-2.079813
Gyroscope,3278969,0.42587274,0.14710636,-0.0021638183
LinearAcceleration,3278969,-0.7800608,-1.5132852,-1.9577088
Gyroscope,3278970,0.40776324,0.15562847,0.019141471
LinearAcceleration,3278970,-0.8105869,-1.6048633,-1.8623897
Gyroscope,3278983,0.36302215,0.15562847,0.013815148
LinearAcceleration,3278984,-0.8161235,-1.5387235,-1.7601871
Gyroscope,3279003,0.29484522,0.1460411,-0.008555405
LinearAcceleration,3279004,-0.8490438,-1.3732243,-1.6864158
Gyroscope,3279023,0.20962407,0.13219266,-0.030925957
LinearAcceleration,3279024,-0.8837597,-1.149965,-1.6353894
Gyroscope,3279044,0.102032356,0.11408316,-0.054361776
LinearAcceleration,3279045,-0.93852705,-0.8170213,-1.5798738
Gyroscope,3279065,-0.0076898774,0.09384314,-0.06394915
LinearAcceleration,3279066,-0.978181,-0.5364508,-1.54845
Gyroscope,3279084,-0.09717209,0.07786417,-0.0596881
LinearAcceleration,3279086,-0.9871593,-0.20709845,-1.6126444
Gyroscope,3279104,-0.14404373,0.061885204,-0.049035452
LinearAcceleration,3279106,-0.99523973,0.31169513,-1.7124528
Gyroscope,3279124,-0.14404373,0.046971504,-0.03199122
LinearAcceleration,3279125,-1.0212767,0.6473323,-1.7254713
Gyroscope,3279145,-0.09610683,0.029927272,-0.016012255
LinearAcceleration,3279146,-0.9573814,1.0176854,-1.7803882
Gyroscope,3279164,-0.021538315,0.0032956619,-0.01920805
LinearAcceleration,3279165,-0.85323364,1.9152117,-1.8376994
Gyroscope,3279185,0.038116492,-0.043575972,-0.03412175
LinearAcceleration,3279186,-0.6347627,2.6544216,-1.7001824
Gyroscope,3279204,0.116946064,-0.08618655,-0.006424876
LinearAcceleration,3279205,-0.5196914,0.8429086,-1.2735656
Gyroscope,3279225,0.11161974,-0.1298624,-0.03838281
LinearAcceleration,3279226,-0.19003975,1.2316672,-0.9847651
Gyroscope,3279245,-0.009820406,-0.20230037,-0.11082079
LinearAcceleration,3279246,-0.021398177,1.9523219,-0.90276366
Gyroscope,3279265,-0.15469638,-0.26834676,-0.11508185
LinearAcceleration,3279271,0.080505036,1.2381016,-0.65421563
Gyroscope,3279285,-0.32620394,-0.3237405,-0.16408402
LinearAcceleration,3279286,0.09501988,0.5933131,-0.74743986
Gyroscope,3279304,-0.3815977,-0.31628367,-0.15343137
LinearAcceleration,3279308,0.06194997,-0.37140054,-0.76928693
Gyroscope,3279324,-0.3933156,-0.26195517,-0.12147343
LinearAcceleration,3279324,0.25962123,1.6036662,-1.0679636
Gyroscope,3279343,-0.35922715,-0.19271299,-3.3289514E-5
LinearAcceleration,3279344,0.3362357,0.85877025,-0.83647424
Gyroscope,3279364,-0.3389871,-0.08405602,0.23539014
LinearAcceleration,3279364,0.5873276,-0.9934441,-0.08664017
Gyroscope,3279385,-0.52647364,-0.006291718,0.36428714
LinearAcceleration,3279386,0.66154784,-1.5939398,0.23582886
Gyroscope,3279405,-0.79492027,0.029927272,0.3951798
LinearAcceleration,3279406,0.5364508,-1.9122189,0.32890347
Gyroscope,3279425,-0.9877331,0.04164518,0.38772297
LinearAcceleration,3279426,0.4026748,-2.934244,0.362123
Gyroscope,3279445,-1.1571102,0.023535686,0.28652284
LinearAcceleration,3279446,0.28640637,-3.3650506,0.17238252
Gyroscope,3279465,-1.2753545,-0.0020306604,0.15975638
LinearAcceleration,3279466,0.1654992,-2.8339865,-0.19677345
Gyroscope,3279485,-1.3105083,-0.009487512,0.10010157
LinearAcceleration,3279486,0.054168813,-2.7026048,-0.41464582
Gyroscope,3279505,-1.3062472,9.986854E-5,0.095840506
LinearAcceleration,3279506,-0.01062427,-2.7361236,-0.42482117
Gyroscope,3279525,-1.3200957,0.021405157,0.11288474
LinearAcceleration,3279526,0.038905777,-2.39076,-0.52028996
Gyroscope,3279545,-1.3243567,0.02673148,0.10542789
LinearAcceleration,3279546,0.056114104,-1.6053122,-0.8903438
Gyroscope,3279565,-1.2412661,0.013948306,0.07027416
LinearAcceleration,3279566,0.106691614,-0.8646061,-1.1501147
Gyroscope,3279585,-1.039931,-0.012683305,0.021272
LinearAcceleration,3279586,0.1755249,-0.43963528,-1.2273277
Gyroscope,3279605,-0.789594,-0.056359146,-0.041578602
LinearAcceleration,3279606,0.30615854,-0.10474633,-1.1005846
Gyroscope,3279625,-0.54777896,-0.094708666,-0.07353654
LinearAcceleration,3279626,0.40940848,0.30496144,-0.9244611
Gyroscope,3279645,-0.3634882,-0.1117529,-0.06288389
LinearAcceleration,3279647,0.41763857,0.50143564,-0.5964555
Gyroscope,3279664,-0.24630912,-0.093643405,-0.022403842
LinearAcceleration,3279665,0.40716392,1.5194203,-0.7187094
Gyroscope,3279683,-0.18026271,-0.07340337,-0.013881727
LinearAcceleration,3279684,0.3652654,2.966416,-0.7721301
Gyroscope,3279703,-0.064148895,-0.042510707,0.029794114
LinearAcceleration,3279704,0.2551321,2.9183822,-0.72559273
Gyroscope,3279723,0.060487047,-0.006291718,0.07240469
LinearAcceleration,3279724,0.21413141,2.4046764,-0.20874447
Gyroscope,3279743,0.09457551,0.052297827,0.123537384
LinearAcceleration,3279744,-0.0052373162,2.5532665,0.07676409
Gyroscope,3279764,-0.022603579,0.08958208,0.07453522
LinearAcceleration,3279765,-0.19527708,5.6513634,-0.31588498
Gyroscope,3279784,0.07646601,0.16841164,0.13525529
LinearAcceleration,3279786,-0.5705682,2.8384757,-0.5900211
Gyroscope,3279804,0.25756097,0.26641598,0.20769328
LinearAcceleration,3279806,-0.48273093,2.934244,0.24450785
Gyroscope,3279833,0.42906854,0.3409845,0.28013125
LinearAcceleration,3279834,-0.7838018,-1.2976574,0.44472298
Gyroscope,3279843,0.47380963,0.38892138,0.24710806
LinearAcceleration,3279844,-0.54782325,-0.5859809,0.58777654
Gyroscope,3279864,0.2660831,0.3580287,0.07560048
LinearAcceleration,3279864,-0.75851303,-0.96231943,0.7080852
Gyroscope,3279884,0.018941734,0.36335504,0.02872885
LinearAcceleration,3279885,-0.8574235,-1.5363293,1.074847
Gyroscope,3279904,-0.20156801,0.40276983,0.051099405
LinearAcceleration,3279905,-0.86954415,-2.2092497,1.1294646
Gyroscope,3279924,-0.44551355,0.4389888,0.03085938
LinearAcceleration,3279925,-0.7882909,-0.9947908,1.0570401
Gyroscope,3279943,-0.6031727,0.4784036,0.032989908
LinearAcceleration,3279944,-0.775871,-0.55710083,0.7020996
Gyroscope,3279964,-0.5594969,0.5316668,0.063882574
LinearAcceleration,3279964,-0.7187094,-0.6410475,0.3776853
Gyroscope,3279985,-0.39011982,0.580669,0.079861544
LinearAcceleration,3279986,-0.5288193,-0.542137,-0.051774614
Gyroscope,3280005,-0.15043531,0.61156166,0.10329736
LinearAcceleration,3280006,-0.3847183,-0.8309376,-0.4110545
Gyroscope,3280025,0.09564077,0.62967116,0.14697321
LinearAcceleration,3280026,-0.207697,-1.683423,-0.49455228
Gyroscope,3280045,0.2596915,0.62967116,0.1917143
LinearAcceleration,3280046,-0.033668462,-2.5873837,-0.45534724
Gyroscope,3280065,0.29484522,0.5987785,0.19704063
LinearAcceleration,3280066,0.118213706,-2.6780643,-0.49455228
Gyroscope,3280085,0.22773357,0.53912365,0.1650827
LinearAcceleration,3280086,0.20305823,-2.4967034,-0.68130004
Gyroscope,3280105,0.148904,0.46668568,0.15869111
LinearAcceleration,3280106,0.21458033,-2.096423,-0.755221
Gyroscope,3280124,0.07966181,0.3974435,0.17680061
LinearAcceleration,3280126,0.23508067,-1.7981951,-0.8026561
Gyroscope,3280145,0.03279017,0.33352762,0.19384484
LinearAcceleration,3280146,0.19527708,-0.93807817,-0.9736919
Gyroscope,3280165,0.038116492,0.26748124,0.20343222
LinearAcceleration,3280166,0.22296004,-0.29104513,-0.62488663
Gyroscope,3280185,0.12972923,0.19504327,0.22367224
LinearAcceleration,3280186,0.39863458,0.23927054,-0.39100307
Gyroscope,3280205,0.14038187,0.085321024,0.17786586
LinearAcceleration,3280206,0.46806642,1.347337,0.03127426
Gyroscope,3280225,0.09670603,-0.045706503,0.052164666
LinearAcceleration,3280226,0.50472766,2.8390744,-0.3393781
Gyroscope,3280245,0.18086192,-0.20443091,-0.17686719
LinearAcceleration,3280246,0.3800795,5.440524,-0.39160162
Gyroscope,3280265,0.4748749,-0.32906684,-0.30576417
LinearAcceleration,3280266,0.35898063,5.711518,-0.08619126
Gyroscope,3280285,0.86050063,-0.42707115,-0.38246322
LinearAcceleration,3280286,0.48557404,5.664382,-0.13422494
Gyroscope,3280305,1.0927283,-0.51442283,-0.49538124
LinearAcceleration,3280306,0.62967503,3.5387797,0.82465285
Gyroscope,3280325,1.2120379,-0.49631336,-0.38352847
LinearAcceleration,3280326,0.8283938,1.1158476,1.5553333
Gyroscope,3280345,1.0863367,-0.39830902,-0.16301875
LinearAcceleration,3280346,1.1040263,-0.51191026,2.3178866
Gyroscope,3280365,0.79765004,-0.30136997,-0.039448075
LinearAcceleration,3280366,1.2460324,-0.19931729,1.6645688
Gyroscope,3280385,0.5579655,-0.26302046,0.011684619
LinearAcceleration,3280386,1.3006501,1.1625346,1.5171757
Gyroscope,3280405,0.52707285,-0.26195517,0.11288474
LinearAcceleration,3280406,1.2331635,-0.7698855,1.5954362
Gyroscope,3280426,0.49724546,-0.3237405,0.061752047
LinearAcceleration,3280427,1.1899183,-0.91937345,1.3070844
Gyroscope,3280445,0.45463488,-0.43665856,-0.10336394
LinearAcceleration,3280446,0.8867524,-1.3534721,1.151611
Gyroscope,3280465,0.4929844,-0.5346629,-0.20243353
LinearAcceleration,3280466,0.5907693,-2.5197477,0.9401731
Gyroscope,3280485,0.5078981,-0.6081661,-0.292981
LinearAcceleration,3280486,0.2908955,-2.900725,0.50846857
Gyroscope,3280505,0.48339704,-0.6294714,-0.33346105
LinearAcceleration,3280506,5.985504E-4,-2.5912745,-0.029777884
Gyroscope,3280525,0.48552755,-0.5911219,-0.2812631
LinearAcceleration,3280526,-0.17328034,-2.3542485,-0.46627077
Gyroscope,3280545,0.5217465,-0.51442283,-0.17473665
LinearAcceleration,3280546,-0.24779987,-2.4884734,-0.75462246
Gyroscope,3280565,0.54837817,-0.43026695,-0.0895155
LinearAcceleration,3280566,-0.25198972,-2.5650878,-0.9115923
Gyroscope,3280585,0.5590308,-0.35037214,-0.040513337
LinearAcceleration,3280586,-0.18450317,-2.639757,-0.7968203
Gyroscope,3280605,0.55476975,-0.29071733,-0.0266649
LinearAcceleration,3280606,-0.05581483,-2.917634,-0.5117606
Gyroscope,3280625,0.5110939,-0.2523678,-0.06075336
LinearAcceleration,3280626,0.083497785,-2.9809308,-0.28431144
Gyroscope,3280645,0.42906854,-0.22786672,-0.1257345
LinearAcceleration,3280646,0.2765303,-1.956362,-0.38486794
Gyroscope,3280665,0.36621794,-0.20123512,-0.14490925
LinearAcceleration,3280666,0.351798,-1.1866262,-0.22340895
Gyroscope,3280685,0.31828102,-0.16288559,-0.11082079
LinearAcceleration,3280686,0.39010525,0.3506009,-0.54887074
Gyroscope,3280705,0.26714835,-0.14797188,-0.13532187
LinearAcceleration,3280706,0.19123685,2.2695537,-0.93718034
Gyroscope,3280725,0.2863231,-0.11281816,-0.10229868
LinearAcceleration,3280726,0.047285482,2.724003,-0.9603742
Gyroscope,3280745,0.36302215,-0.053163353,-0.012816463
LinearAcceleration,3280746,-0.12210429,2.4230819,-0.54498017
Gyroscope,3280765,0.40563273,0.04164518,0.10862368
LinearAcceleration,3280766,-0.37469256,2.146402,-0.102651395
Gyroscope,3280785,0.30975893,0.10662631,0.052164666
LinearAcceleration,3280786,-0.13497312,7.0383544,-2.0462942
Gyroscope,3280805,0.40776324,0.17480324,0.10436262
LinearAcceleration,3280806,-0.8110358,3.3542767,-0.7838018
Gyroscope,3280825,0.6676878,0.33246237,0.37600505
LinearAcceleration,3280826,-0.39773676,1.0869676,0.5436334
Gyroscope,3280845,0.6570351,0.32820132,0.35896084
LinearAcceleration,3280846,-0.29388827,-2.3301568,1.6539445
Gyroscope,3280865,0.35130423,0.21315275,0.08731839
LinearAcceleration,3280866,-0.37424365,-0.5391443,0.8276456
Gyroscope,3280885,-0.033256225,0.046971504,-0.28871995
LinearAcceleration,3280886,-0.8641572,0.406715,0.5009867
Gyroscope,3280905,-0.18239324,-0.015879098,-0.38352847
LinearAcceleration,3280906,-1.1013328,-0.75492173,1.1388918
Gyroscope,3280925,-0.33366078,-0.042510707,-0.43785697
LinearAcceleration,3280928,-1.1611878,-0.95723176,1.0532991
Gyroscope,3280949,-0.5509747,-0.05422862,-0.49857703
LinearAcceleration,3280951,-1.2572552,0.07855974,0.89588034
Gyroscope,3281471,-0.57654107,0.0118177775,-0.34304842
LinearAcceleration,3281474,-1.0543466,-0.73127896,0.947206
Gyroscope,3281475,-0.5349958,0.102365255,-0.13851766
LinearAcceleration,3281475,-0.77721775,-1.6020203,0.74878657
Gyroscope,3281475,-0.47107992,0.16308533,-0.006424876
LinearAcceleration,3281476,-0.5575497,-1.7117046,0.29388827
Gyroscope,3281476,-0.3091597,0.18758641,0.09157945
LinearAcceleration,3281478,-0.3935469,-1.8789995,-0.07571663
Gyroscope,3281478,-0.10462894,0.19184746,0.1650827
LinearAcceleration,3281479,-0.22011691,-2.5553615,-0.07691373
Gyroscope,3281479,0.043442816,0.18119483,0.2098238
LinearAcceleration,3281480,-0.052971713,-3.0581439,-0.15966332
Gyroscope,3281480,0.09883656,0.15349795,0.20556274
LinearAcceleration,3281481,-0.009127894,-3.0597897,-0.2439093
Gyroscope,3281481,0.11055447,0.11408316,0.18532272
LinearAcceleration,3281482,0.0134673845,-2.918083,-0.3772364
Gyroscope,3281482,0.09564077,0.06614626,0.15656058
LinearAcceleration,3281483,0.00808043,-3.084031,-0.3179799
Gyroscope,3281483,0.037051227,0.015013571,0.11821106
LinearAcceleration,3281484,-0.040402155,-2.658312,-0.4667197
Gyroscope,3281484,-0.6479138,-0.1895172,0.4580304
LinearAcceleration,3281484,0.7978677,0.24540567,1.6056116
Gyroscope,3281485,-0.68200225,-0.19377826,0.46016094
LinearAcceleration,3281485,0.59391165,-1.5928923,1.7874212
Gyroscope,3281489,-0.71182966,-0.19803931,0.39731035
LinearAcceleration,3281490,0.42063132,-3.165434,1.9277812
Gyroscope,3281504,-0.7821371,-0.22999725,0.18851851
LinearAcceleration,3281504,0.1654992,-3.130718,1.4399626
Gyroscope,3281524,-0.757636,-0.25130254,-0.021338578
LinearAcceleration,3281524,-0.033069912,-2.3716063,0.7743746
Gyroscope,3281544,-0.57867163,-0.23851937,-0.12893029
LinearAcceleration,3281544,-0.19886838,-2.124106,0.23612814
Gyroscope,3281565,-0.3272692,-0.2076267,-0.19604194
LinearAcceleration,3281566,-0.29807812,-2.0028994,-0.28505963
Gyroscope,3281586,-0.05882257,-0.17247297,-0.23439147
LinearAcceleration,3281587,-0.23433249,-2.0196588,-0.4364929
Gyroscope,3281606,0.18618825,-0.14477609,-0.21521671
LinearAcceleration,3281607,-0.07990648,-2.4619875,-0.28685528
Gyroscope,3281626,0.30975893,-0.14903715,-0.18645456
LinearAcceleration,3281627,0.017956512,-2.9343934,-0.008978256
Gyroscope,3281645,0.31188944,-0.17247297,-0.16834506
LinearAcceleration,3281646,0.026485857,-2.5396495,-0.008529344
Gyroscope,3281666,0.2501041,-0.20549616,-0.17473665
LinearAcceleration,3281667,-0.095768064,-1.6231191,0.051325697
Gyroscope,3281685,0.1936451,-0.2193446,-0.16408402
LinearAcceleration,3281687,-0.13781624,-0.547524,-0.03696049
Gyroscope,3281705,0.15636085,-0.21508354,-0.15769242
LinearAcceleration,3281707,-0.13557167,1.4643536,-0.39609075
Gyroscope,3281725,0.15103452,-0.20123512,-0.13532187
LinearAcceleration,3281726,-0.1400608,2.8965352,-0.31528643
Gyroscope,3281746,0.17020929,-0.13412344,-0.011751198
LinearAcceleration,3281747,-0.07691373,3.454384,-0.4079121
Gyroscope,3281765,0.18725352,-0.0020306604,0.20449749
LinearAcceleration,3281766,0.033668462,2.8278515,0.2252046
Gyroscope,3281785,0.15955664,0.20143485,0.5144894
LinearAcceleration,3281787,0.10998364,5.183297,-0.11791443
Gyroscope,3281806,-0.008755142,0.3015697,0.5453821
LinearAcceleration,3281807,-0.8170213,5.23582,1.1599907
Gyroscope,3281825,0.17233981,0.49438256,0.7648266
LinearAcceleration,3281826,0.45025957,2.974646,-0.042646717
Gyroscope,3281846,0.3289337,0.50716573,0.61462426
LinearAcceleration,3281847,-0.16983868,0.44606972,1.8987516
Gyroscope,3281866,0.4961802,0.51462257,0.5347295
LinearAcceleration,3281867,0.042197805,-1.4808137,1.7471687
Gyroscope,3281886,0.22986409,0.3558982,0.08944892
LinearAcceleration,3281887,-0.3179799,0.026485857,1.9419968
Gyroscope,3281906,-0.1355216,0.2536328,-0.1704756
LinearAcceleration,3281907,-0.56293666,-0.92969847,1.8616414
Gyroscope,3281926,-0.3847935,0.23019698,-0.23439147
LinearAcceleration,3281927,-0.5288193,-1.7178397,2.235586
Gyroscope,3281946,-0.696916,0.18652114,-0.34624422
LinearAcceleration,3281947,-0.58298814,-0.80953944,2.1353285
Gyroscope,3281966,-0.90357727,0.13325793,-0.41548643
LinearAcceleration,3281967,-0.5128081,-0.8551789,1.6238673
Gyroscope,3281986,-0.85350984,0.10769158,-0.3505053
LinearAcceleration,3281987,-0.3752911,-1.8086698,1.1047745
Gyroscope,3282006,-0.69372016,0.085321024,-0.2748715
LinearAcceleration,3282007,-0.22789808,-2.142212,0.43993455
Gyroscope,3282026,-0.4838631,0.059754677,-0.19178088
LinearAcceleration,3282027,-0.10100538,-1.8082209,-0.1340753
Gyroscope,3282046,-0.22180803,0.04377571,-0.07779759
LinearAcceleration,3282047,-0.0935235,-2.130241,-0.459986
Gyroscope,3282065,0.013615411,0.036318857,0.031924643
LinearAcceleration,3282066,-0.051026423,-2.4169466,-0.5964555
Gyroscope,3282086,0.15636085,0.015013571,0.09051419
LinearAcceleration,3282087,-0.024540568,-2.391957,-0.58298814
Gyroscope,3282105,0.21495038,-0.028662272,0.1022321
LinearAcceleration,3282107,-0.073621705,-2.5846903,-0.44846392
Gyroscope,3282125,0.21601565,-0.077664435,0.092644714
LinearAcceleration,3282127,-0.17597382,-2.8477533,-0.18031332
Gyroscope,3282145,0.17127454,-0.11388343,0.066013105
LinearAcceleration,3282146,-0.35389295,-2.2019174,-0.10654198
Gyroscope,3282165,0.112685,-0.1117529,0.05749099
LinearAcceleration,3282166,-0.46627077,-1.6466122,0.23732524
Gyroscope,3282185,0.07753128,-0.064881265,0.09157945
LinearAcceleration,3282186,-0.41314942,-0.61605805,-0.009576807
Gyroscope,3282205,-0.009820406,-0.029727535,0.027663585
LinearAcceleration,3282206,-0.4659715,1.8451813,-0.100855745
Gyroscope,3282225,0.0072238245,0.0064914552,0.0074235615
LinearAcceleration,3282226,-0.4619313,3.2278328,-0.3820248
Gyroscope,3282245,0.12546818,0.030992538,-0.011751198
LinearAcceleration,3282246,-0.27368718,3.1462803,0.018405426
Gyroscope,3282266,0.22986409,0.029927272,-0.049035452
LinearAcceleration,3282267,-0.08424597,3.8262336,0.10414778
Gyroscope,3282286,0.19471036,-0.07233811,-0.26102307
LinearAcceleration,3282287,-0.163105,4.281581,0.5813421
Gyroscope,3282306,0.31188944,-0.1266666,-0.27380624
LinearAcceleration,3282307,0.5125088,2.7861025,0.1273416
Gyroscope,3282326,0.22560303,-0.14903715,-0.19071563
LinearAcceleration,3282327,0.82929164,1.9675848,1.3802572
Gyroscope,3282345,-0.014081464,-0.064881265,0.150169
LinearAcceleration,3282346,0.9083003,-0.44083238,2.1691468
Gyroscope,3282366,-0.37733662,0.012883042,0.4015714
LinearAcceleration,3282367,1.4404116,1.3687352,1.5602713
Gyroscope,3282386,-0.59891164,-0.013748569,0.43352935
LinearAcceleration,3282387,1.2062287,1.7356466,1.171812
Gyroscope,3282406,-0.5211473,-0.0307928,0.53579473
LinearAcceleration,3282407,1.3961189,0.2100912,1.5047557
Gyroscope,3282426,-0.5104947,-0.09577393,0.48679256
LinearAcceleration,3282427,1.2437878,-0.60588264,1.3148656
Gyroscope,3282446,-0.5999769,-0.19377826,0.30676287
LinearAcceleration,3282447,0.84949267,-0.06254852,1.0301052
Gyroscope,3282466,-0.55843157,-0.26088992,0.18745326
LinearAcceleration,3282467,0.2415151,-1.3554175,0.97144735
Gyroscope,3282486,-0.45829672,-0.285391,0.07240469
LinearAcceleration,3282487,-0.116418056,-2.597709,0.99509007
Gyroscope,3282506,-0.3986419,-0.27793413,-0.056492303
LinearAcceleration,3282507,-0.40207624,-2.6057892,0.60707974
Gyroscope,3282526,-0.34324816,-0.21827933,-0.1044292
LinearAcceleration,3282527,-0.7218518,-2.0416555,0.19108722
Gyroscope,3282546,-0.22926489,-0.11601395,-0.080993384
LinearAcceleration,3282547,-0.7185598,-2.0869956,-0.17253216
Gyroscope,3282566,-0.079062596,-0.008422247,-0.049035452
LinearAcceleration,3282567,-0.5412392,-1.9880853,-0.6717232
Gyroscope,3282586,0.09990183,0.085321024,-0.014946992
LinearAcceleration,3282587,-0.3012205,-1.7797897,-1.0081085
Gyroscope,3282606,0.28419256,0.15136741,0.03831623
LinearAcceleration,3282607,0.03606266,-2.1187189,-0.9657611
Gyroscope,3282625,0.3971106,0.16734639,0.048968874
LinearAcceleration,3282627,0.27278936,-2.522142,-0.88480717
Gyroscope,3282646,0.4216117,0.13432318,-0.001098554
LinearAcceleration,3282647,0.4381389,-2.1841104,-0.78440034
Gyroscope,3282666,0.40989378,0.087451555,-0.040513337
LinearAcceleration,3282667,0.62339026,-1.2084733,-0.73711485
Gyroscope,3282686,0.37580532,0.037384123,-0.08738497
LinearAcceleration,3282687,0.5614403,0.02498948,-0.80460143
Gyroscope,3282706,0.35130423,-0.0073569827,-0.14810504
LinearAcceleration,3282707,0.5330092,2.4425347,-1.0233716
Gyroscope,3282726,0.39391482,-0.023335949,-0.13532187
LinearAcceleration,3282727,0.45669398,3.067571,-0.86161333
Gyroscope,3282746,0.49511492,0.025666215,0.0010319749
LinearAcceleration,3282747,0.4405331,3.0205848,-0.42152914
Gyroscope,3282766,0.5473129,0.12899686,0.20769328
LinearAcceleration,3282767,0.25498247,2.6402059,0.1467945
Gyroscope,3282786,0.45889595,0.21741381,0.32593763
LinearAcceleration,3282787,0.24016836,7.365163,-0.75956047
Gyroscope,3282806,0.58353186,0.34204975,0.5688179
LinearAcceleration,3282807,-0.09816227,2.2939446,0.0134673845
Gyroscope,3282826,0.7859321,0.4539025,0.78826237
LinearAcceleration,3282827,-0.36421794,1.0658686,1.8658313
Gyroscope,3282846,0.7177552,0.44431514,0.73180336
LinearAcceleration,3282847,-0.08828619,-1.851915,2.280028
Gyroscope,3282866,0.5015065,0.3164834,0.43033352
LinearAcceleration,3282867,0.10729016,-0.045190558,1.4396634
Gyroscope,3282886,0.17447034,0.14817162,0.0010319749
LinearAcceleration,3282887,-0.535553,1.3913305,0.72888476
Gyroscope,3282906,0.100967094,0.09277787,-0.14490925
LinearAcceleration,3282907,-0.8367735,0.1352724,1.0290579
Gyroscope,3282926,0.0647481,0.100234725,-0.17793246
LinearAcceleration,3282927,-0.7101801,-0.7199065,1.2689269
Gyroscope,3282946,-0.1536311,0.07253785,-0.25356624
LinearAcceleration,3282947,-0.74549454,-0.37155017,1.6065093
Gyroscope,3282966,-0.31235552,0.057624146,-0.21734723
LinearAcceleration,3282967,-0.77482355,-1.623568,1.6609775
Gyroscope,3282986,-0.37946716,0.04590624,-0.19923773
LinearAcceleration,3282987,-0.7722797,-2.1064487,1.1002853
Gyroscope,3283006,-0.31448603,0.02673148,-0.22693461
LinearAcceleration,3283007,-0.7492355,-1.5234605,0.33653498
Gyroscope,3283026,-0.059887834,0.020339893,-0.1853893
LinearAcceleration,3283027,-0.7860463,-1.72188,-0.17926586
Gyroscope,3283046,0.22240724,0.03418833,-0.1225387
LinearAcceleration,3283047,-0.7763199,-2.3425767,-0.36706105
Gyroscope,3283066,0.3971106,0.05549362,-0.0895155
LinearAcceleration,3283067,-0.7173627,-2.681057,-0.43604398
Gyroscope,3283086,0.4663528,0.07679891,-0.07779759
LinearAcceleration,3283087,-0.7317279,-2.5181017,-0.50607437
Gyroscope,3283106,0.48872334,0.09597367,-0.08205865
LinearAcceleration,3283107,-0.8382699,-2.294094,-0.5614403
Gyroscope,3283126,0.52494234,0.12686634,-0.07992812
LinearAcceleration,3283127,-0.8985738,-2.3570917,-0.44696754
Gyroscope,3283146,0.5707487,0.16841164,-0.08845024
LinearAcceleration,3283147,-0.91338795,-1.678485,-0.46926352
Gyroscope,3283166,0.62614244,0.21954434,-0.095907085
LinearAcceleration,3283167,-0.9721955,-1.1629834,-0.36541504
Gyroscope,3283186,0.6794057,0.2834602,-0.10123341
LinearAcceleration,3283187,-0.7234978,0.62084645,-0.5781997
Gyroscope,3283206,0.67088354,0.32926658,-0.12147343
LinearAcceleration,3283207,-0.45848963,2.2411225,-0.5669769
Gyroscope,3283226,0.7177552,0.35696346,-0.1044292
LinearAcceleration,3283227,-0.27443537,2.9550436,-0.6715736
Gyroscope,3283246,0.8232164,0.3345929,-0.18751983
LinearAcceleration,3283247,-0.13841479,2.6503813,-0.4451719
Gyroscope,3283266,0.9680923,0.27706861,-0.31641683
LinearAcceleration,3283267,0.034715924,2.2152352,0.005985504
Gyroscope,3283286,0.9393302,0.14817162,-0.5646234
LinearAcceleration,3283287,0.1364695,4.78556,-0.30331543
Gyroscope,3283306,1.0011156,0.07040732,-0.6924552
LinearAcceleration,3283307,0.027682956,2.1181204,-0.8725369
Gyroscope,3283337,1.0330734,0.08105996,-0.7126952
LinearAcceleration,3283338,0.20919338,3.4946368,-0.18749592
Gyroscope,3283346,1.0394651,0.14817162,-0.550775
LinearAcceleration,3283347,0.29074585,0.42467153,0.4758476
Gyroscope,3283365,0.90843755,0.2536328,-0.29830733
LinearAcceleration,3283365,0.7858967,2.4178445,0.12808979
Gyroscope,3283385,0.648513,0.33672342,-0.1342566
LinearAcceleration,3283385,0.72274965,2.0011036,0.22969373
Gyroscope,3283405,0.5110939,0.44324988,0.17040902
LinearAcceleration,3283405,1.2556092,0.35509005,1.1972505
Gyroscope,3283425,0.3225421,0.46562043,0.35256922
LinearAcceleration,3283425,1.70946,-1.0788871,1.4873978
Gyroscope,3283446,-0.025799373,0.39105192,0.2971755
LinearAcceleration,3283447,1.4541782,-0.732925,1.3611037
Gyroscope,3283466,-0.23991752,0.3015697,0.20875853
LinearAcceleration,3283467,0.9415198,-2.3009775,1.541866
Gyroscope,3283487,-0.28465864,0.20782644,0.07773101
LinearAcceleration,3283488,0.6166566,-3.8705263,1.6385318
Gyroscope,3283505,-0.35496607,0.104495786,-0.1555619
LinearAcceleration,3283507,0.2976292,-3.9778166,1.3254899
Gyroscope,3283526,-0.41035983,0.05549362,-0.3046989
LinearAcceleration,3283527,-0.020350715,-2.7875988,0.6561609
Gyroscope,3283545,-0.33366078,0.09384314,-0.23439147
LinearAcceleration,3283547,-0.2220622,-2.234688,0.27263972
Gyroscope,3283566,-0.16215321,0.15988953,-0.08205865
LinearAcceleration,3283567,-0.2208651,-2.6026468,0.2335843
Gyroscope,3283586,-0.0460394,0.18758641,-0.039448075
LinearAcceleration,3283587,-0.01616086,-2.748394,0.13826515
Gyroscope,3283606,0.013615411,0.16308533,-0.07992812
LinearAcceleration,3283607,0.22729953,-2.1139305,-0.13617022
Gyroscope,3283626,0.09883656,0.11408316,-0.099102885
LinearAcceleration,3283627,0.45295304,-1.7414825,-0.23448212
Gyroscope,3283646,0.20642827,0.038449388,-0.100168146
LinearAcceleration,3283647,0.62967503,-1.8920178,-0.21233577
Gyroscope,3283666,0.24797359,-0.06807706,-0.1342566
LinearAcceleration,3283667,0.8002619,-1.1749545,-0.36077628
Gyroscope,3283686,0.22240724,-0.1714077,-0.13319135
LinearAcceleration,3283687,0.9222166,0.22714989,-0.672621
Gyroscope,3283706,0.17233981,-0.24278042,-0.03199122
LinearAcceleration,3283707,1.0185832,0.9828198,-0.7875427
Gyroscope,3283726,0.09244498,-0.3088268,0.068143636
LinearAcceleration,3283727,0.8940847,2.1890485,-1.1590929
Gyroscope,3283746,0.05196493,-0.34078476,0.13845108
LinearAcceleration,3283747,0.5686229,3.0916626,-1.5429133
Gyroscope,3283766,0.1755356,-0.29604363,0.25882596
LinearAcceleration,3283767,0.3966893,3.2962172,-1.5433623
Gyroscope,3283786,0.37580532,-0.19164772,0.43992093
LinearAcceleration,3283787,0.38741177,2.283021,-0.775871
Gyroscope,3283806,0.37474006,-0.123470806,0.4495083
LinearAcceleration,3283808,0.3808277,5.4617724,-1.4139258
Gyroscope,3284572,0.4663528,-0.041445445,0.5389905
LinearAcceleration,3284574,-0.023642741,1.0164883,-0.3321955
Gyroscope,3284575,0.5782056,0.008621984,0.5144894
LinearAcceleration,3284575,-0.26545712,0.05192425,0.80789346
Gyroscope,3284576,0.5132244,-0.056359146,0.2641523
LinearAcceleration,3284576,-0.34790742,-1.8676269,1.3681366
Gyroscope,3284577,0.26182202,-0.22573619,-0.22054303
LinearAcceleration,3284577,-0.5657798,1.3911809,0.4456208
Gyroscope,3284578,-0.0055593485,-0.3269363,-0.5326655
LinearAcceleration,3284578,-0.93328977,1.2054806,0.30630818
Gyroscope,3284578,-0.08651944,-0.3035005,-0.54118764
LinearAcceleration,3284579,-0.98087454,-0.3660136,1.052102
Gyroscope,3284579,0.3821969,-0.17779928,0.150169
LinearAcceleration,3284580,-0.861763,2.1660044,-1.3070844
Gyroscope,3284580,-0.8034424,-0.23425831,0.056425724
LinearAcceleration,3284580,-0.1352724,-4.1099467,0.7674913
Gyroscope,3284581,-0.8162256,-0.26941204,-0.11721238
LinearAcceleration,3284581,-0.31423897,-3.41069,0.3127426
Gyroscope,3284581,-0.6947854,-0.25662887,-0.16621454
LinearAcceleration,3284582,-0.4655226,-2.918831,-0.19946693
Gyroscope,3284585,-0.4987768,-0.2193446,-0.16621454
LinearAcceleration,3284585,-0.5216367,-2.285116,-0.65556234
Gyroscope,3284605,-0.26228806,-0.18419088,-0.15449663
LinearAcceleration,3284605,-0.54378307,-1.8498201,-0.95513684
Gyroscope,3284625,-0.009820406,-0.16288559,-0.14703979
LinearAcceleration,3284625,-0.50353056,-1.8626889,-0.99763393
Gyroscope,3284645,0.20110194,-0.15329821,-0.13958293
LinearAcceleration,3284645,-0.37439328,-2.170643,-0.940622
Gyroscope,3284665,0.31188944,-0.16714665,-0.16514927
LinearAcceleration,3284665,-0.20799628,-1.3805566,-1.1068693
Gyroscope,3284686,0.38113165,-0.17886455,-0.1257345
LinearAcceleration,3284687,-0.07751228,-1.4290391,-1.0247183
Gyroscope,3284706,0.37474006,-0.18845193,-0.085254446
LinearAcceleration,3284708,0.023493104,0.13138182,-1.5731401
Gyroscope,3284727,0.31295472,-0.21401829,-0.1044292
LinearAcceleration,3284728,0.061052144,2.6861446,-2.2876596
Gyroscope,3284746,0.38113165,-0.17779928,0.044707816
LinearAcceleration,3284747,0.10818799,2.8901007,-2.2294507
Gyroscope,3284766,0.48872334,-0.08192549,0.28439233
LinearAcceleration,3284767,0.12898761,1.6252141,-1.4405613
Gyroscope,3284787,0.40882853,0.013948306,0.39411455
LinearAcceleration,3284788,0.36137483,4.345476,-2.307412
Gyroscope,3284806,0.29591048,0.04910203,0.33126396
LinearAcceleration,3284808,-0.4813842,4.4776063,-1.7232267
Gyroscope,3284827,0.539856,0.16202006,0.48359677
LinearAcceleration,3284828,-0.48452657,1.6730981,-1.1336545
Gyroscope,3284846,0.6857973,0.20356537,0.43672514
LinearAcceleration,3284847,-0.37798458,-0.66124856,0.4038719
Gyroscope,3284867,0.4780707,0.104495786,0.058556255
LinearAcceleration,3284868,-0.32800564,1.2387002,0.009876082
Gyroscope,3284886,0.14144714,-0.026531743,-0.33452633
LinearAcceleration,3284887,-0.5777508,1.7691654,-0.25169045
Gyroscope,3284906,-0.05136572,-0.05529388,-0.4549012
LinearAcceleration,3284908,-0.84590137,0.1695394,0.45669398
Gyroscope,3284926,-0.2974418,-0.042510707,-0.50070757
LinearAcceleration,3284928,-0.8300398,-0.30092123,0.81343
Gyroscope,3284946,-0.6298043,-0.043575972,-0.53373075
LinearAcceleration,3284947,-0.82240826,-0.16340427,1.0121487
Gyroscope,3284967,-0.83540034,-0.0073569827,-0.37926742
LinearAcceleration,3284968,-0.7387609,-1.8154035,1.3790601
Gyroscope,3284986,-0.9717542,0.052297827,-0.17686719
LinearAcceleration,3284987,-0.63895255,-3.327641,1.4519337
Gyroscope,3285007,-1.0740196,0.10769158,-0.0746018
LinearAcceleration,3285008,-0.6061819,-3.3960254,0.9790788
Gyroscope,3285026,-1.039931,0.16841164,-0.0266649
LinearAcceleration,3285027,-0.6729203,-2.8543375,0.3911527
Gyroscope,3285047,-0.8215519,0.24511069,0.039381493
LinearAcceleration,3285048,-0.6266823,-2.5629928,-0.014065935
Gyroscope,3285067,-0.49451572,0.3164834,0.107558414
LinearAcceleration,3285068,-0.5798457,-2.3743,-0.24779987
Gyroscope,3285086,-0.20582905,0.3622898,0.12992898
LinearAcceleration,3285087,-0.44352585,-2.396147,-0.32995093
Gyroscope,3285106,-0.008755142,0.37826875,0.094775245
LinearAcceleration,3285108,-0.4801871,-2.303222,-0.45609543
Gyroscope,3285126,0.15209979,0.38466033,-3.3289514E-5
LinearAcceleration,3285128,-0.550816,-2.119018,-0.60678047
Gyroscope,3285146,0.31295472,0.37294242,-0.13532187
LinearAcceleration,3285147,-0.4026748,-2.1888988,-0.11252748
Gyroscope,3285167,0.463157,0.33033183,-0.2184125
LinearAcceleration,3285168,-0.18330607,-1.8369513,-0.29328972
Gyroscope,3285187,0.42800328,0.22700119,-0.4069643
LinearAcceleration,3285188,-0.26021978,1.3884873,-1.2791022
Gyroscope,3285206,0.41948116,0.14497583,-0.4517054
LinearAcceleration,3285207,-0.49844286,2.6638486,-1.3932757
Gyroscope,3285227,0.53879076,0.10875684,-0.2865894
LinearAcceleration,3285228,-0.44068274,1.7565958,-1.0509049
Gyroscope,3285246,0.5238771,0.021405157,-0.2514357
LinearAcceleration,3285247,-0.6326678,2.3832781,-1.254861
Gyroscope,3285267,0.35876107,-0.14371082,-0.49325073
LinearAcceleration,3285268,-0.8538322,4.766706,-1.5910966
Gyroscope,3285287,0.49404967,-0.18738668,-0.43466118
LinearAcceleration,3285288,-0.34835634,3.4353802,-1.9381063
Gyroscope,3285306,0.60590243,-0.15329821,-0.34198317
LinearAcceleration,3285307,-0.1412579,3.7900212,-1.4320319
Gyroscope,3285326,0.592054,-0.028662272,-0.09271129
LinearAcceleration,3285327,0.32890347,2.406023,-0.5316624
Gyroscope,3285346,0.4035022,0.12260528,0.21728066
LinearAcceleration,3285347,0.84455466,2.3246202,-0.6157588
Gyroscope,3285367,0.072204955,0.22913171,0.37387452
LinearAcceleration,3285368,0.7188591,2.5893292,-0.6147113
Gyroscope,3285386,-0.092911035,0.37187716,0.61036325
LinearAcceleration,3285387,0.8849568,0.93448687,0.13497312
Gyroscope,3285406,-0.26335335,0.48905623,0.78826237
LinearAcceleration,3285407,1.2376527,-0.74654204,0.79951376
Gyroscope,3285426,-0.6116948,0.4954478,0.7009107
LinearAcceleration,3285427,1.0362405,-1.1869255,1.2392987
Gyroscope,3285446,-0.90677303,0.45070672,0.573079
LinearAcceleration,3285447,0.9506477,-3.0711622,1.9197009
Gyroscope,3285467,-1.1272827,0.3622898,0.41755036
LinearAcceleration,3285468,0.9871593,-4.8585835,2.4239795
Gyroscope,3285486,-1.3573799,0.19184746,0.0990363
LinearAcceleration,3285487,0.99883103,-4.0753803,1.9632454
Gyroscope,3285506,-1.4127736,-9.653959E-4,-0.1406482
LinearAcceleration,3285507,0.88525605,-2.5323172,1.3492823
Gyroscope,3285527,-1.2114387,-0.1415803,-0.14171346
LinearAcceleration,3285528,0.7740753,-2.0676925,0.97025025
Gyroscope,3285547,-0.93233943,-0.24810675,-0.07566706
LinearAcceleration,3285548,0.50158525,-2.0691888,0.61141926
Gyroscope,3285567,-0.70650333,-0.3152184,-0.06288389
LinearAcceleration,3285568,0.08574235,-1.5354315,0.16729484
Gyroscope,3285586,-0.45723146,-0.32160997,-0.069275476
LinearAcceleration,3285588,-0.31483752,-1.2568063,-0.19123685
Gyroscope,3285607,-0.18985009,-0.2640857,-0.07140601
LinearAcceleration,3285608,-0.6407482,-1.5647604,-0.30286652
Gyroscope,3285627,-0.0044940845,-0.15755926,-0.111886054
LinearAcceleration,3285628,-0.8999206,-1.4820108,-0.5129577
Gyroscope,3285647,0.07327022,0.016078835,-0.15875769
LinearAcceleration,3285648,-1.4443022,-1.7495629,-0.56982
Gyroscope,3285667,0.058356516,0.29517812,-0.25250095
LinearAcceleration,3285668,-2.1642087,-1.1094133,-1.0799346
Gyroscope,3285687,-0.001298291,0.6776081,-0.44744435
LinearAcceleration,3285688,-2.9047651,1.2009914,-2.1057005
Gyroscope,3285706,0.004028031,1.1857392,-0.6114951
LinearAcceleration,3285707,-3.4691982,2.4387937,-2.1184196
Gyroscope,3285727,0.14677346,1.821702,-0.59125507
LinearAcceleration,3285728,-3.0370448,2.552219,-1.5717934
Gyroscope,3285746,0.29377997,2.4118586,-0.49857703
LinearAcceleration,3285748,-2.2659624,1.1774983,0.112377845
Gyroscope,3285767,0.30975893,2.876314,-0.41229063
LinearAcceleration,3285768,-2.0238485,0.3354875,1.2770073
Gyroscope,3285787,-2.330266E-4,3.1777837,-0.6615625
LinearAcceleration,3285788,-1.0345944,8.079233,-1.7721581
Gyroscope,3285806,-0.0076898774,3.4217293,-0.56355816
LinearAcceleration,3285807,-1.4770728,0.71571666,2.272247
Gyroscope,3285827,0.35023898,3.6358473,-0.3110905
LinearAcceleration,3285828,-0.4528034,4.1446624,0.5527613
Gyroscope,3285847,0.58992344,3.5847147,-0.2961768
LinearAcceleration,3285848,-0.11566987,-0.0827496,2.4817398
Gyroscope,3285867,0.668753,3.452622,-0.3675495
LinearAcceleration,3285868,-0.02633622,3.040636,0.75971013
Gyroscope,3285886,0.59311926,3.2182636,-0.4911202
LinearAcceleration,3285888,0.38456866,1.2560581,1.6944963
Gyroscope,3285907,0.6101635,3.002015,-0.42081273
LinearAcceleration,3285908,0.37394437,-0.5017349,1.9692309
Gyroscope,3285927,0.47700545,2.703741,-0.5113602
LinearAcceleration,3285928,1.0170869,-1.1712135,2.0838532
Gyroscope,3285946,0.21175459,2.3032017,-0.7084341
LinearAcceleration,3285948,0.83018947,-0.98581254,2.0805612
Gyroscope,3285967,-0.04710466,1.8877485,-0.8618322
LinearAcceleration,3285968,0.8087913,-2.0026002,2.3600843
Gyroscope,3285987,-0.30170286,1.4967964,-0.99179447
LinearAcceleration,3285988,0.6501754,-2.789245,2.244115
Gyroscope,3286007,-0.57121474,1.2038487,-1.0951251
LinearAcceleration,3286008,0.40327334,-1.5870564,1.3177087
Gyroscope,3286026,-0.604238,1.0536464,-0.9875334
LinearAcceleration,3286027,0.35314476,-0.5307646,0.6859388
Gyroscope,3286047,-0.34431344,0.99186105,-0.68499833
LinearAcceleration,3286048,0.55829793,-0.981922,0.5403414
Gyroscope,3286067,-0.08119313,0.91942304,-0.44424856
LinearAcceleration,3286068,0.8230068,-1.5686511,0.514903
Gyroscope,3286087,0.0498344,0.8107661,-0.32067788
LinearAcceleration,3286088,0.98446584,-1.5309423,0.46417585
Gyroscope,3286107,0.1275987,0.68613017,-0.21947776
LinearAcceleration,3286108,1.1070191,-1.6641198,0.3652654
Gyroscope,3286127,0.16594823,0.5497763,-0.1406482
LinearAcceleration,3286128,1.1566987,-1.908478,0.40581718
Gyroscope,3286147,0.15849137,0.40170455,-0.099102885
LinearAcceleration,3286148,1.0823288,-2.2137387,0.40013096
Gyroscope,3286167,0.10416289,0.25576332,-0.099102885
LinearAcceleration,3286168,0.794426,-1.852364,0.32591072
Gyroscope,3286187,0.06581337,0.1428453,-0.08418918
LinearAcceleration,3286188,0.5161001,-1.6041151,-0.13302784
Gyroscope,3286207,-0.034321487,0.06827679,-0.14703979
LinearAcceleration,3286208,0.04309563,1.1528081,-1.2012907
Gyroscope,3286227,-0.050300453,0.06721153,-0.10123341
LinearAcceleration,3286228,-0.081702136,1.9038392,-1.2609961
Gyroscope,3286246,0.06261758,0.07679891,-0.011751198
LinearAcceleration,3286247,-0.10938509,1.7814357,-1.2042835
Gyroscope,3286266,0.09137972,0.060819943,-0.02453437
LinearAcceleration,3286267,-0.07915829,1.4438533,-0.71451956
Gyroscope,3286287,0.07646601,0.030992538,-0.095907085
LinearAcceleration,3286288,-0.24884734,4.5169606,-2.398691
Gyroscope,3286307,0.11161974,0.042710446,-0.13106081
LinearAcceleration,3286308,-0.3302502,2.385822,-0.23837271
Gyroscope,3286327,0.41628537,0.0799947,0.07560048
LinearAcceleration,3286328,-0.26515785,2.4356513,-1.1198878
Gyroscope,3286347,0.4205464,0.042710446,0.018076206
LinearAcceleration,3286348,-0.043394905,2.018761,-7.48188E-4
Gyroscope,3286367,0.3044326,0.0118177775,0.060686782
LinearAcceleration,3286368,-0.020799628,-0.17208324,1.5515924
Gyroscope,3286387,0.12440291,-0.060620204,0.07346996
LinearAcceleration,3286388,0.1921347,-0.9139865,1.5125369
Gyroscope,3286407,-0.26228806,-0.122405544,-0.095907085
LinearAcceleration,3286408,-0.253935,1.2750621,0.829142
Gyroscope,3286427,-0.3805324,-0.08618655,-0.041578602
LinearAcceleration,3286428,-0.114772044,1.1174936,1.0115502
Gyroscope,3286447,-0.24630912,-0.08618655,0.04577308
LinearAcceleration,3286448,-0.015113398,-0.6961141,1.7027264
Gyroscope,3286467,-0.30170286,-0.13731924,-0.07992812
LinearAcceleration,3286468,-0.39579147,-0.64239424,1.5791256
Gyroscope,3286487,-0.43699145,-0.15116768,-0.27061045
LinearAcceleration,3286488,-0.664391,0.4587889,1.0875661
Gyroscope,3286507,-0.3421829,-0.0968392,-0.2780673
LinearAcceleration,3286508,-0.57715225,-0.5077204,1.0622773
Gyroscope,3286527,-0.20263326,-0.05422862,-0.28339362
LinearAcceleration,3286528,-0.4568436,-1.3100772,0.9231144
Gyroscope,3286547,-0.14510898,-0.025466477,-0.3260042
LinearAcceleration,3286548,-0.35838208,-1.3030443,0.55799866
Gyroscope,3286567,-0.07054048,0.018209364,-0.29937258
LinearAcceleration,3286569,-0.2669535,-1.266383,0.16849194
Gyroscope,3286587,0.02320279,0.07786417,-0.2216083
LinearAcceleration,3286588,-0.052822076,-1.5075989,-0.051774614
Gyroscope,3286607,0.09990183,0.13432318,-0.15662716
LinearAcceleration,3286608,0.2160767,-1.426196,-0.2228104
Gyroscope,3286627,0.17766613,0.17906429,-0.08205865
LinearAcceleration,3286628,0.60109425,-1.7277158,-0.05207389
Gyroscope,3286647,0.23305988,0.18119483,-0.030925957
LinearAcceleration,3286648,0.942268,-2.0816088,0.037409402
Gyroscope,3286667,0.22560303,0.13219266,-0.039448075
LinearAcceleration,3286668,1.2639889,-2.0768204,0.21293432
Gyroscope,3286687,0.21601565,0.039514653,-0.04583966
LinearAcceleration,3286688,1.4015058,-2.1604679,0.37394437
Gyroscope,3286707,0.16701348,-0.07659917,-0.07886286
LinearAcceleration,3286708,1.3329718,-1.2606969,0.10280103
Gyroscope,3286727,0.12120712,-0.17992982,-0.09058077
LinearAcceleration,3286728,1.2753613,-0.8678981,0.175076
Gyroscope,3286747,0.10842395,-0.26088992,-0.07673233
LinearAcceleration,3286748,1.0736499,0.03127426,-0.39564183
Gyroscope,3286767,0.053030197,-0.3035005,-0.12147343
LinearAcceleration,3286768,0.82629883,2.2632687,-1.2258313
Gyroscope,3286787,0.1457082,-0.29284784,-0.054361776
LinearAcceleration,3286788,0.78888947,2.5830443,-1.0372878
Gyroscope,3286807,0.30975893,-0.28432572,0.10329736
LinearAcceleration,3286808,1.1115081,1.0503063,-0.26246437
Gyroscope,3286830,0.25223464,-0.35463318,0.17467007
LinearAcceleration,3286831,1.2256817,0.6784569,0.19093758
Gyroscope,3286845,-0.009820406,-0.49950916,0.13312477
LinearAcceleration,3286846,1.427842,6.3528647,-1.9614497
Gyroscope,3287824,0.043442816,-0.6486462,0.49211887
LinearAcceleration,3287831,1.8891748,1.4932337,0.8746318
Gyroscope,3287833,0.18512298,-0.91389704,0.79465395
LinearAcceleration,3287835,1.0524013,1.7013795,0.39294836
Gyroscope,3287835,0.05196493,-1.2462596,0.84046036
LinearAcceleration,3287836,1.0610802,-1.6121956,1.82094
Gyroscope,3287836,-0.089715235,-1.5935357,0.6263422
LinearAcceleration,3287837,-0.44202948,1.925387,-1.0643723
Gyroscope,3287837,-0.09610683,-1.7426727,0.4047672
LinearAcceleration,3287837,-1.5825673,2.387468,-1.005864
Gyroscope,3287838,-0.109955266,-0.98740023,0.95018256
LinearAcceleration,3287838,0.8678981,-0.84365684,1.3817537
Gyroscope,3287839,-0.36774924,-0.9735518,0.85111296
LinearAcceleration,3287839,0.8551789,-0.8693945,1.4095862
Gyroscope,3287839,-0.018342521,-0.63373244,-0.023469107
LinearAcceleration,3287840,-0.49485156,1.8816929,-1.2134113
Gyroscope,3287840,0.027463848,-0.64545035,0.0074235615
LinearAcceleration,3287841,-0.76689273,3.592799,-1.5252562
Gyroscope,3287846,0.16701348,-0.5943177,0.16721323
LinearAcceleration,3287846,-0.7909844,3.6689644,-1.3512276
Gyroscope,3287866,0.27780098,-0.49631336,0.39091876
LinearAcceleration,3287866,-1.1224316,2.94412,-0.85428107
Gyroscope,3287886,0.22027671,-0.42707115,0.40689772
LinearAcceleration,3287886,-1.0369886,5.6760535,-1.3127707
Gyroscope,3287906,0.35876107,-0.3280016,0.5997106
LinearAcceleration,3287906,-0.91937345,1.972074,-0.5304653
Gyroscope,3287926,0.37474006,-0.2672815,0.63486433
LinearAcceleration,3287926,-1.1031284,1.1737574,0.8343793
Gyroscope,3287947,0.21921144,-0.29391313,0.54644734
LinearAcceleration,3287949,-1.443554,-2.3546975,2.4396915
Gyroscope,3287967,-0.14723952,-0.3844606,0.23539014
LinearAcceleration,3287969,-1.1119571,-0.21682489,1.3721769
Gyroscope,3287987,-0.57867163,-0.5655555,-0.2482399
LinearAcceleration,3287988,-1.9433436,1.1599907,1.211915
Gyroscope,3288008,-0.7043728,-0.5612945,-0.30895996
LinearAcceleration,3288009,-2.0887914,0.6961141,1.2692262
Gyroscope,3288027,-0.7310044,-0.48992178,-0.23652199
LinearAcceleration,3288028,-1.9194015,0.30810383,1.3359646
Gyroscope,3288047,-0.7959856,-0.41854906,-0.16514927
LinearAcceleration,3288048,-1.7040731,0.07272387,1.3937247
Gyroscope,3288067,-0.7853329,-0.33758897,-0.013881727
LinearAcceleration,3288069,-1.326687,-1.2189479,1.5686511
Gyroscope,3288087,-0.7405918,-0.2640857,0.15229952
LinearAcceleration,3288088,-1.0096049,-2.149694,1.4097359
Gyroscope,3288108,-0.6862633,-0.21508354,0.24604279
LinearAcceleration,3288109,-0.8375217,-2.0862474,0.9141361
Gyroscope,3288127,-0.5318,-0.19164772,0.30889338
LinearAcceleration,3288128,-0.6973112,-1.9400516,0.4628291
Gyroscope,3288147,-0.27720177,-0.19377826,0.3600261
LinearAcceleration,3288149,-0.6335656,-2.1034558,0.18166006
Gyroscope,3288167,-0.014081464,-0.21721408,0.37067872
LinearAcceleration,3288169,-0.5858312,-2.2939446,-0.040102877
Gyroscope,3288187,0.18938404,-0.25662887,0.33126396
LinearAcceleration,3288188,-0.59510875,-2.1758804,-0.19393034
Gyroscope,3288207,0.3406516,-0.29923943,0.2907839
LinearAcceleration,3288208,-0.60214174,-2.2150855,-0.1770213
Gyroscope,3288227,0.44398224,-0.33971947,0.27160913
LinearAcceleration,3288228,-0.7377134,-2.5520694,-0.043544542
Gyroscope,3288248,0.463157,-0.378069,0.22367224
LinearAcceleration,3288249,-0.8185177,-2.083554,-0.12988544
Gyroscope,3288267,0.44078645,-0.3876564,0.22473751
LinearAcceleration,3288269,-1.1228806,-2.4343045,0.15307927
Gyroscope,3288288,0.3246726,-0.37274268,0.21088907
LinearAcceleration,3288289,-1.1905168,-0.65780693,-0.15457565
Gyroscope,3288307,0.16275243,-0.39191744,0.12992898
LinearAcceleration,3288308,-1.2183493,1.5234605,-0.52043957
Gyroscope,3288327,0.100967094,-0.42494065,0.07453522
LinearAcceleration,3288328,-1.273865,2.1453543,-0.64254385
Gyroscope,3288348,0.15209979,-0.4824649,-0.018142784
LinearAcceleration,3288349,-1.1812392,2.271499,-0.31064767
Gyroscope,3288367,0.23092936,-0.5517071,-0.114016585
LinearAcceleration,3288369,-1.2800001,2.7534816,-0.3612252
Gyroscope,3288387,0.22240724,-0.6869957,-0.39737692
LinearAcceleration,3288389,-1.0069114,4.644003,-0.39848495
Gyroscope,3288407,0.4450475,-0.70403993,-0.34944
LinearAcceleration,3288409,-0.6679823,2.520795,-1.1664251
Gyroscope,3288427,0.53346443,-0.6965831,-0.39098534
LinearAcceleration,3288428,-0.9247604,4.2333975,-0.20290859
Gyroscope,3288448,0.56968343,-0.5900566,-0.1736714
LinearAcceleration,3288449,-0.13242929,2.0599113,0.014215573
Gyroscope,3288467,0.45037383,-0.41961432,0.15123425
LinearAcceleration,3288469,0.20919338,2.0886416,-0.38696286
Gyroscope,3288487,0.21281986,-0.3066963,0.28545758
LinearAcceleration,3288489,0.3700538,2.9728503,-0.34760815
Gyroscope,3288508,0.16275243,-0.15329821,0.5954495
LinearAcceleration,3288509,1.0567408,1.1378443,-0.18330607
Gyroscope,3288527,0.04876914,-0.018009627,0.8532435
LinearAcceleration,3288528,1.3392565,-0.7520786,0.6289269
Gyroscope,3288548,-0.21328591,0.05336309,0.93207306
LinearAcceleration,3288549,1.5682021,-0.6705261,0.74325
Gyroscope,3288568,-0.47853675,0.017144099,0.8170245
LinearAcceleration,3288569,1.1774983,-2.2502503,1.316362
Gyroscope,3288588,-0.6266085,-0.037184387,0.65510434
LinearAcceleration,3288589,0.8596681,-4.1017165,1.5608698
Gyroscope,3288607,-0.7469834,-0.11601395,0.3600261
LinearAcceleration,3288608,0.41584292,-4.521001,1.2966099
Gyroscope,3288640,-0.7853329,-0.1714077,0.060686782
LinearAcceleration,3288642,-0.05865794,-3.6659718,0.72155255
Gyroscope,3288647,-0.69372016,-0.16927718,-0.10229868
LinearAcceleration,3288648,-0.36511576,-3.0753522,0.26186582
Gyroscope,3288668,-0.5413874,-0.123470806,-0.15130083
LinearAcceleration,3288669,-0.46013564,-3.0678701,0.08379706
Gyroscope,3288688,-0.42846933,-0.08192549,-0.20243353
LinearAcceleration,3288689,-0.54887074,-2.6580129,-0.13317747
Gyroscope,3288707,-0.33259553,-0.06594653,-0.25995782
LinearAcceleration,3288709,-0.52298343,-2.1592708,-0.33039984
Gyroscope,3288727,-0.23033014,-0.06168547,-0.2695452
LinearAcceleration,3288728,-0.35434186,-2.0784664,-0.26904842
Gyroscope,3288748,-0.1717406,-0.060620204,-0.2216083
LinearAcceleration,3288749,-0.14724341,-2.173636,-0.084694885
Gyroscope,3288768,-0.18771957,-0.06807706,-0.16195348
LinearAcceleration,3288769,0.12779051,-1.5682021,-0.004489128
Gyroscope,3288787,-0.23352593,-0.07127285,-0.046904925
LinearAcceleration,3288789,0.25303718,-1.2859856,0.1551742
Gyroscope,3288807,-0.32833448,-0.06807706,0.027663585
LinearAcceleration,3288809,0.23837271,0.72200143,-0.362123
Gyroscope,3288828,-0.3805324,-0.0787297,0.05749099
LinearAcceleration,3288829,0.21323359,3.0032268,-0.7305308
Gyroscope,3288848,-0.29211548,-0.058489677,0.1650827
LinearAcceleration,3288849,0.28326398,3.5839703,-0.9672575
Gyroscope,3288868,-0.16215321,-0.035053857,0.2279333
LinearAcceleration,3288869,0.19003975,4.0116343,-0.835726
Gyroscope,3288888,0.039181758,0.016078835,0.31208917
LinearAcceleration,3288889,-4.4891282E-4,3.5054107,-0.65242
Gyroscope,3288907,0.10842395,0.010752513,0.17573534
LinearAcceleration,3288909,-0.31049803,7.4492593,-1.4466964
Gyroscope,3288927,0.39498007,0.04910203,0.23539014
LinearAcceleration,3288928,-0.099658646,2.3763947,-0.7125743
Gyroscope,3288948,0.58992344,0.061885204,0.21195433
LinearAcceleration,3288949,-0.7472902,2.222268,0.78440034
Gyroscope,3288968,0.5494434,0.056558885,0.15762584
LinearAcceleration,3288969,-0.39683893,-1.6825253,1.6404771
Gyroscope,3288988,0.30975893,-0.0052264538,-0.006424876
LinearAcceleration,3288989,-0.35913026,-0.20066403,1.2171522
Gyroscope,3289008,-0.11208579,-0.14264557,-0.3686148
LinearAcceleration,3289009,-0.7778163,0.99778354,1.0869676
Gyroscope,3289028,-0.27613652,-0.18099508,-0.421878
LinearAcceleration,3289029,-0.77362645,0.29867667,1.3654431
Gyroscope,3289048,-0.3240734,-0.16501611,-0.35370108
LinearAcceleration,3289049,-0.66244566,-0.4894646,1.7111061
Gyroscope,3289069,-0.44551355,-0.17992982,-0.39844218
LinearAcceleration,3289069,-0.64957684,0.22789808,1.6066589
Gyroscope,3289086,-0.4199472,-0.18525614,-0.37287584
LinearAcceleration,3289088,-0.49170917,-0.8075942,1.4706384
Gyroscope,3289107,-0.2612228,-0.17992982,-0.29724208
LinearAcceleration,3289107,-0.40372226,-2.0011036,1.3259388
Gyroscope,3289126,-0.105694205,-0.20230037,-0.28871995
LinearAcceleration,3289127,-0.37813422,-2.3303065,0.9513959
Gyroscope,3289147,0.055160724,-0.23532356,-0.2844589
LinearAcceleration,3289147,-0.39010525,-2.5632923,0.61022216
Gyroscope,3289166,0.19151457,-0.26088992,-0.25676203
LinearAcceleration,3289167,-0.393098,-2.7439048,0.38606504
Gyroscope,3289188,0.28525785,-0.28326046,-0.2216083
LinearAcceleration,3289189,-0.4436755,-2.8262055,0.09142858
Gyroscope,3289207,0.3459779,-0.29497838,-0.19071563
LinearAcceleration,3289209,-0.62922615,-2.671181,-0.16086042
Gyroscope,3289227,0.40243694,-0.27580363,-0.10975552
LinearAcceleration,3289228,-0.7457938,-2.779668,-0.12913725
Gyroscope,3289248,0.39178428,-0.23425831,-0.025599636
LinearAcceleration,3289249,-0.9118916,-2.8667572,-0.16579847
Gyroscope,3289268,0.30017155,-0.16714665,0.020206735
LinearAcceleration,3289269,-0.98820674,-2.1752818,-0.32845455
Gyroscope,3289288,0.21708092,-0.064881265,0.08731839
LinearAcceleration,3289289,-1.1296142,-1.9482816,-0.36257192
Gyroscope,3289307,0.13612083,0.028862009,0.07560048
LinearAcceleration,3289308,-1.1290157,0.19108722,-0.78694415
Gyroscope,3289327,0.1574261,0.056558885,-0.018142784
LinearAcceleration,3289329,-1.1803415,2.205808,-1.0833763
Gyroscope,3289348,0.32786843,0.04377571,-0.10869026
LinearAcceleration,3289349,-0.935235,3.067122,-1.2802993
Gyroscope,3289368,0.52707285,-0.016944362,-0.20456406
LinearAcceleration,3289369,-0.6048352,2.565836,-0.5327099
Gyroscope,3289388,0.63786036,-0.09577393,-0.2184125
LinearAcceleration,3289389,-0.33114803,2.9873652,-0.38367084
Gyroscope,3289408,0.55476975,-0.29923943,-0.44424856
LinearAcceleration,3289409,-0.38052842,2.9146414,0.44621935
Gyroscope,3289428,0.5036371,-0.42174485,-0.4314654
LinearAcceleration,3289429,0.39264908,2.3030725,-0.090381116
Gyroscope,3289448,0.27034414,-0.51974916,-0.4517054
LinearAcceleration,3289449,0.04563947,3.3861494,0.19632454
Gyroscope,3289468,0.06261758,-0.44518065,-0.20136827
LinearAcceleration,3289469,0.014963761,2.305317,0.43125558
Gyroscope,3289488,-0.12593423,-0.21508354,0.21728066
LinearAcceleration,3289489,0.38067806,3.1706712,-0.117615156
Gyroscope,3289508,-0.27613652,-0.022270685,0.48359677
LinearAcceleration,3289509,0.3139397,3.065476,0.0026934769
Gyroscope,3289528,-0.27400598,0.2025001,0.7893277
LinearAcceleration,3289529,1.1017817,1.5590742,0.35464114
Gyroscope,3289548,-0.28465864,0.3825298,0.9629657
LinearAcceleration,3289549,1.2331635,-0.004638766,0.7799112
Gyroscope,3289568,-0.3027681,0.48586044,0.95018256
LinearAcceleration,3289569,1.1317092,-0.39773676,0.7483377
Gyroscope,3289588,-0.31235552,0.51249206,0.81276345
LinearAcceleration,3289589,0.863409,-2.1006126,1.1758523
Gyroscope,3289608,-0.28359336,0.4933173,0.6252769
LinearAcceleration,3289609,0.60453594,-4.167108,1.4351742
Gyroscope,3289628,-0.29318073,0.4038351,0.29504496
LinearAcceleration,3289629,0.43200377,-4.5748706,1.1782465
Gyroscope,3289648,-0.27613652,0.28559074,-0.041578602
LinearAcceleration,3289649,0.08619126,-3.6014779,0.45130703
Gyroscope,3289668,-0.15469638,0.21528329,-0.21415144
LinearAcceleration,3289669,-0.20620061,-3.1039329,-0.03067571
Gyroscope,3289688,-0.001298291,0.20676117,-0.22906514
LinearAcceleration,3289689,-0.36541504,-3.1419408,-0.35718498
Gyroscope,3289708,0.07966181,0.21315275,-0.2546315
LinearAcceleration,3289709,-0.46731824,-2.5556607,-0.8478467
Gyroscope,3289728,0.17233981,0.2387191,-0.24291357
LinearAcceleration,3289729,-0.64718264,-2.112883,-1.0250176
Gyroscope,3289748,0.2863231,0.29091707,-0.18112825
LinearAcceleration,3289749,-0.72394675,-2.0937295,-0.9932944
Gyroscope,3289768,0.30975893,0.3580287,-0.19604194
LinearAcceleration,3289769,-0.9705495,-1.8064252,-1.0769418
Gyroscope,3289788,0.2831273,0.48586044,-0.2184125
LinearAcceleration,3289789,-0.98805714,-1.2243348,-1.0965444
Gyroscope,3289810,0.26927888,0.6882607,-0.18112825
LinearAcceleration,3289812,-1.0124481,-1.5120881,-0.79158294
Gyroscope,3289828,0.19471036,0.92261887,-0.27913257
LinearAcceleration,3289828,-0.88271224,0.40447044,-1.2060791
Gyroscope,3290589,0.16168717,1.1292802,-0.51668656
LinearAcceleration,3290592,-0.50846857,3.4558804,-1.4194623
Gyroscope,3290592,0.35982636,1.3114403,-0.65410566
LinearAcceleration,3290593,0.1743278,4.67004,-1.2879308
Gyroscope,3290593,0.69858044,1.4137057,-0.68925935
LinearAcceleration,3290594,0.84006554,4.242226,-0.54542905
Gyroscope,3290594,0.9904629,1.4179668,-0.6583667
LinearAcceleration,3290595,1.3418005,3.1820438,0.1352724
Gyroscope,3290595,1.0362693,1.2613729,-0.8170911
LinearAcceleration,3290596,1.4112322,5.556044,-0.6076783
Gyroscope,3290596,-0.042843603,-0.0030959249,0.19064905
LinearAcceleration,3290596,-1.2678795,-2.9330468,0.29732993
Gyroscope,3290597,0.088183925,0.021405157,0.3238071
LinearAcceleration,3290597,-1.1966519,-3.0680199,0.14724341
Gyroscope,3290598,0.21175459,0.059754677,0.6923886
LinearAcceleration,3290598,0.48916534,0.6075287,-0.6938696
Gyroscope,3290598,-0.014081464,0.101299986,0.8681572
LinearAcceleration,3290599,0.7365163,-1.690456,0.19707273
Gyroscope,3290599,-0.32939973,0.05336309,0.7914582
LinearAcceleration,3290600,0.8173206,-2.0217538,0.20904374
Gyroscope,3290606,-0.59891164,-0.0787297,0.5304684
LinearAcceleration,3290607,0.5006874,-2.7281928,0.32441434
Gyroscope,3290627,-0.72461283,-0.20443091,0.29504496
LinearAcceleration,3290627,0.34596214,-3.826832,0.6019921
Gyroscope,3290647,-0.7672234,-0.33971947,0.061752047
LinearAcceleration,3290647,0.25079262,-4.0623617,0.5614403
Gyroscope,3290667,-0.7395265,-0.48459545,-0.11934291
LinearAcceleration,3290668,0.10459669,-3.5606267,0.24600422
Gyroscope,3290687,-0.63086957,-0.6039051,-0.18112825
LinearAcceleration,3290688,-0.06599019,-3.0484173,-0.19407998
Gyroscope,3290707,-0.45829672,-0.70830095,-0.16088822
LinearAcceleration,3290707,-0.1925836,-2.5417445,-0.5093664
Gyroscope,3290728,-0.23565647,-0.8126969,-0.09164603
LinearAcceleration,3290729,-0.3808277,-2.171541,-0.80355394
Gyroscope,3290748,-0.010885671,-0.9053749,0.0084888255
LinearAcceleration,3290749,-0.50742114,-2.145055,-0.8783727
Gyroscope,3290768,0.14464293,-0.9778129,0.12566791
LinearAcceleration,3290769,-0.6901286,-2.366818,-0.85697454
Gyroscope,3290788,0.21601565,-1.0300108,0.21408486
LinearAcceleration,3290789,-0.7745243,-2.1775265,-0.9823709
Gyroscope,3290808,0.24158199,-1.0811435,0.26947862
LinearAcceleration,3290809,-0.75985974,-2.223615,-0.8418612
Gyroscope,3290828,0.23199461,-1.1013836,0.355765
LinearAcceleration,3290830,-0.80834234,-1.3364135,-1.3298295
Gyroscope,3290848,0.16594823,-1.1461246,0.30463234
LinearAcceleration,3290849,-0.9328408,1.5050551,-2.1993735
Gyroscope,3290868,0.21601565,-1.20791,0.28758812
LinearAcceleration,3290869,-0.8680478,3.1368532,-2.2158337
Gyroscope,3290888,0.3608916,-1.2388027,0.43033352
LinearAcceleration,3290889,-0.8182184,2.9207764,-1.8939632
Gyroscope,3290908,0.41415483,-1.2260195,0.6252769
LinearAcceleration,3290909,-1.0468647,2.2294507,-1.2321161
Gyroscope,3290928,0.31295472,-1.2313458,0.61462426
LinearAcceleration,3290929,-0.43394905,6.402245,-2.7825112
Gyroscope,3290948,0.38965374,-1.2878048,0.64019066
LinearAcceleration,3290949,-1.1730092,2.3915083,-0.9744401
Gyroscope,3290968,0.46954858,-1.2164321,0.7435213
LinearAcceleration,3290969,-1.009156,2.7048495,-0.78814125
Gyroscope,3290988,0.48339704,-1.2047142,0.79039294
LinearAcceleration,3290989,-1.5325884,-1.4577695,1.2898762
Gyroscope,3291008,0.21814618,-1.1983227,0.6764096
LinearAcceleration,3291009,-0.8406641,0.19153613,0.75372463
Gyroscope,3291028,-0.20902486,-1.3293501,0.3419166
LinearAcceleration,3291029,-1.7042227,0.44532153,0.5873276
Gyroscope,3291048,-0.4859936,-1.2494553,0.32167658
LinearAcceleration,3291049,-1.8721161,0.14574704,0.62129533
Gyroscope,3291068,-0.6383264,-1.0939267,0.41009352
LinearAcceleration,3291069,-1.7914615,0.40372226,0.440982
Gyroscope,3291088,-0.77254975,-0.94052863,0.4825315
LinearAcceleration,3291089,-1.6886604,0.22056583,0.55021745
Gyroscope,3291109,-0.8577709,-0.7519768,0.6380601
LinearAcceleration,3291110,-1.49473,-1.3181577,0.645387
Gyroscope,3291128,-0.8971857,-0.54425025,0.7850666
LinearAcceleration,3291129,-1.4911387,-2.2833202,0.5793968
Gyroscope,3291148,-0.850314,-0.37274268,0.8340688
LinearAcceleration,3291149,-1.3413515,-2.4673746,0.37394437
Gyroscope,3291168,-0.68839383,-0.26834676,0.7999803
LinearAcceleration,3291169,-1.2433388,-2.7534816,0.13467385
Gyroscope,3291189,-0.45297042,-0.20443091,0.73180336
LinearAcceleration,3291190,-1.2318168,-3.0553007,-0.00808043
Gyroscope,3291208,-0.23033014,-0.16608138,0.6178201
LinearAcceleration,3291209,-1.2349591,-2.8776808,-0.2697966
Gyroscope,3291228,-0.048169926,-0.15542874,0.47187886
LinearAcceleration,3291229,-1.2071266,-2.2092497,-0.43559507
Gyroscope,3291248,0.12227238,-0.15755926,0.37280926
LinearAcceleration,3291249,-1.2195464,-1.870919,-0.49963996
Gyroscope,3291268,0.25756097,-0.14584136,0.34404713
LinearAcceleration,3291269,-1.2440871,-2.013374,-0.31468788
Gyroscope,3291288,0.30336735,-0.13199292,0.3206113
LinearAcceleration,3291289,-1.117344,-1.3771149,-0.3498527
Gyroscope,3291308,0.31508523,-0.1117529,0.3387208
LinearAcceleration,3291309,-1.2446856,-1.9066824,-0.044143096
Gyroscope,3291328,0.25329992,-0.11707922,0.26947862
LinearAcceleration,3291329,-1.0408791,0.6319196,-0.66005147
Gyroscope,3291348,0.22560303,-0.1682119,0.1981059
LinearAcceleration,3291349,-1.1375451,1.7076644,-0.66483986
Gyroscope,3291368,0.22134197,-0.16927718,0.21621539
LinearAcceleration,3291369,-0.91234046,1.8432361,-0.7588123
Gyroscope,3291388,0.18192719,-0.20230037,0.14697321
LinearAcceleration,3291389,-0.7344214,1.6335938,-0.4921581
Gyroscope,3291408,0.12972923,-0.23638883,0.079861544
LinearAcceleration,3291410,-0.73472065,1.8561049,-0.3067571
Gyroscope,3291428,-0.042843603,-0.4047006,-0.24397884
LinearAcceleration,3291429,-0.74295074,3.314024,-0.27862522
Gyroscope,3291448,-0.025799373,-0.4824649,-0.3707453
LinearAcceleration,3291449,-0.35464114,0.9425673,-1.3024458
Gyroscope,3291468,-0.07799733,-0.50590074,-0.5955161
LinearAcceleration,3291469,-0.9442133,4.1238627,-0.9910499
Gyroscope,3291488,0.074335486,-0.36422056,-0.40163797
LinearAcceleration,3291489,-0.732925,1.9629462,-0.9521441
Gyroscope,3291508,0.10522815,-0.11707922,-0.0746018
LinearAcceleration,3291509,0.22071546,3.9026985,-1.5007155
Gyroscope,3291528,0.10948921,0.0075567197,0.15123425
LinearAcceleration,3291529,0.12689269,2.044349,-0.89692783
Gyroscope,3291549,0.118011326,0.15988953,0.4132893
LinearAcceleration,3291550,0.7306804,0.5161001,-0.39264908
Gyroscope,3291568,0.0018975022,0.29304758,0.6114285
LinearAcceleration,3291569,1.1182418,-0.059705406,-0.27503392
Gyroscope,3291588,-0.14937004,0.36335504,0.7286076
LinearAcceleration,3291589,1.1188403,-0.25198972,-0.01690905
Gyroscope,3291608,-0.25589648,0.38359505,0.7648266
LinearAcceleration,3291609,0.7281366,-2.4372973,0.45145667
Gyroscope,3291628,-0.3602924,0.39211717,0.6614959
LinearAcceleration,3291630,0.20784664,-4.1099467,0.8698434
Gyroscope,3291648,-0.46149254,0.379334,0.40689772
LinearAcceleration,3291650,-0.24450785,-4.2015247,0.8550293
Gyroscope,3291668,-0.49345046,0.35483292,0.14271215
LinearAcceleration,3291669,-0.36661214,-3.6607344,0.67785835
Gyroscope,3291689,-0.44338304,0.3164834,-0.022403842
LinearAcceleration,3291690,-0.7202058,-2.9804819,0.44906247
Gyroscope,3291708,-0.35177028,0.30689603,-0.116147116
LinearAcceleration,3291709,-1.2943653,-2.3517046,-0.063895255
Gyroscope,3291729,-0.21009012,0.3580287,-0.20243353
LinearAcceleration,3291730,-1.5340848,-2.1621137,-0.24974516
Gyroscope,3291748,-0.019407786,0.4400541,-0.27913257
LinearAcceleration,3291750,-1.6062101,-2.2568343,-0.22490533
Gyroscope,3291768,0.14783873,0.5316668,-0.3441137
LinearAcceleration,3291769,-1.5321394,-2.6837504,-0.09771336
Gyroscope,3291788,0.1968409,0.6041048,-0.44424856
LinearAcceleration,3291789,-1.2985551,-2.1680992,-0.1683423
Gyroscope,3291808,0.17340508,0.67441225,-0.50496864
LinearAcceleration,3291810,-1.3024458,-2.333748,-0.067336924
Gyroscope,3291829,0.060487047,0.78733027,-0.51349074
LinearAcceleration,3291830,-1.2946646,-1.5885528,-0.21577743
Gyroscope,3291849,-0.13978267,0.89279145,-0.56142765
LinearAcceleration,3291850,-1.0049661,1.2502222,-1.1507132
Gyroscope,3291869,-0.28359336,0.9567073,-0.59018975
LinearAcceleration,3291870,-1.0652701,3.0163949,-1.4965256
Gyroscope,3291888,-0.25589648,1.080278,-0.4314654
LinearAcceleration,3291890,-0.66498953,3.292177,-1.7642274
Gyroscope,3291909,-0.1685448,1.209175,-0.24397884
LinearAcceleration,3291910,-0.6630442,2.9239187,-1.4082395
Gyroscope,3291929,-0.165349,1.2933309,-0.18112825
LinearAcceleration,3291930,-0.23837271,6.848165,-2.2523453
Gyroscope,3291949,-0.014081464,1.3167667,-0.049035452
LinearAcceleration,3291950,-0.29628247,2.1993735,-0.9900024
Gyroscope,3291968,0.09564077,1.3348762,-0.03625228
LinearAcceleration,3291969,-0.37334582,4.1223664,-0.93448687
Gyroscope,3291988,0.18405771,1.2592424,-0.05329651
LinearAcceleration,3291989,-0.44502226,1.98195,0.23193829
Gyroscope,3292009,0.29910627,1.2475245,0.11608053
LinearAcceleration,3292010,-0.21039048,-0.98446584,0.99060094
Gyroscope,3292029,0.07327022,1.1090401,-0.09484182
LinearAcceleration,3292030,-0.47345337,-0.30989948,1.4878467
Gyroscope,3292049,-0.20156801,0.93753254,-0.2961768
LinearAcceleration,3292050,-0.592116,-1.0773908,1.5234605
Gyroscope,3292068,-0.43379566,0.8352672,-0.33346105
LinearAcceleration,3292069,-0.72155255,-1.9369092,2.0651486
Gyroscope,3292088,-0.76615816,0.7777429,-0.34944
LinearAcceleration,3292089,-0.72678983,-1.1920131,1.960103
Gyroscope,3292109,-1.0814764,0.76709026,-0.28232837
LinearAcceleration,3292110,-0.82360536,-1.0503063,1.6446669
Gyroscope,3292129,-1.1592407,0.8416588,-0.095907085
LinearAcceleration,3292130,-0.7989152,-1.6687586,1.2933178
Gyroscope,3292149,-1.0420617,0.92901045,0.05322993
LinearAcceleration,3292150,-0.6405986,-1.6802807,0.7682395
Gyroscope,3292168,-0.79492027,0.97694737,0.12673318
LinearAcceleration,3292169,-0.6290765,-1.6174328,0.39279872
Gyroscope,3292188,-0.46468833,0.9812084,0.15762584
LinearAcceleration,3292190,-0.5315128,-1.6620249,0.14933833
Gyroscope,3292209,-0.16641428,0.94925046,0.15229952
LinearAcceleration,3292210,-0.46208093,-1.8882769,0.038456865
Gyroscope,3292229,0.013615411,0.8970525,0.11927633
LinearAcceleration,3292230,-0.4364929,-1.944391,-0.039055414
Gyroscope,3292249,0.115880795,0.8437893,0.1022321
LinearAcceleration,3292250,-0.44547117,-1.8822914,-0.10250176
Gyroscope,3292268,0.15316506,0.7990482,0.10436262
LinearAcceleration,3292269,-0.32995093,-1.5553333,-0.1189619
Gyroscope,3292288,0.13825135,0.7681555,0.14058161
LinearAcceleration,3292289,-0.28281507,-1.2786534,-0.080056116
Gyroscope,3292309,0.11055447,0.75324184,0.1981059
LinearAcceleration,3292310,-0.1945289,-1.270124,0.027084406
Gyroscope,3292329,0.103097625,0.7340671,0.22154172
LinearAcceleration,3292330,-0.05327099,-0.6913257,-0.14440028
Gyroscope,3292349,0.09670603,0.6605638,0.13632056
LinearAcceleration,3292350,0.088136554,0.9911995,-0.28954875
Gyroscope,3292368,0.115880795,0.5401889,0.032989908
LinearAcceleration,3292370,0.15023616,1.9191023,-0.175076
Gyroscope,3292388,0.13825135,0.3974435,-0.09484182
LinearAcceleration,3292389,0.2551321,1.8281226,-0.11342531
Gyroscope,3292409,0.17340508,0.24617594,-0.25995782
LinearAcceleration,3292410,0.18450317,1.7187376,0.109534726
Gyroscope,3292429,0.14357767,0.07466838,-0.5060339
LinearAcceleration,3292430,0.4086603,4.2869678,-0.18166006
Gyroscope,3292449,0.24797359,-0.06914232,-0.61256033
LinearAcceleration,3292450,0.3494038,2.4203882,-0.4433762
Gyroscope,3292468,0.24797359,-0.15329821,-0.6945857
LinearAcceleration,3292470,0.33369187,4.112341,0.080505036
Gyroscope,3292488,0.1457082,-0.16927718,-0.5624929
LinearAcceleration,3292490,0.4954501,2.8080993,0.42227733
Gyroscope,3292509,-0.044974133,-0.08938234,-0.29511154
LinearAcceleration,3292510,0.6744167,2.7024553,0.27114335
Gyroscope,3292529,-0.20902486,0.029927272,-0.044774394
LinearAcceleration,3292530,0.71721303,2.3743,0.28550854
Gyroscope,3292549,-0.23033014,0.2120875,0.31954604
LinearAcceleration,3292550,1.0660183,0.9376292,0.72649056
Gyroscope,3292568,-0.27613652,0.36335504,0.5592305
LinearAcceleration,3292570,1.1927613,-0.40776247,0.92535895
Gyroscope,3292588,-0.366684,0.4368583,0.5816011
LinearAcceleration,3292589,1.0583868,-0.16505028,0.77362645
Gyroscope,3292609,-0.34431344,0.43153197,0.46761778
LinearAcceleration,3292610,0.69057757,-2.3154924,0.8267478
Gyroscope,3292629,-0.24417858,0.3942477,0.23006383
LinearAcceleration,3292630,0.36032736,-3.8013937,0.61366385
Gyroscope,3292649,-0.14404373,0.33565816,-0.1044292
LinearAcceleration,3292650,0.2088941,-3.9665937,0.3019687
Gyroscope,3292669,-0.011950935,0.28985178,-0.36968005
LinearAcceleration,3292670,-0.01436521,-3.6281135,-0.09831191
Gyroscope,3292689,0.13185976,0.27280757,-0.5124255
LinearAcceleration,3292690,-0.076614454,-3.3051953,-0.38845924
Gyroscope,3292709,0.23092936,0.26641598,-0.5891245
LinearAcceleration,3292710,-0.07062895,-2.9025207,-0.6717232
Gyroscope,3292729,0.29910627,0.2568286,-0.6200172
LinearAcceleration,3292730,-0.113574944,-2.368015,-0.84590137
Gyroscope,3292749,0.34171686,0.24404542,-0.60829926
LinearAcceleration,3292750,-0.0923264,-1.7839795,-0.9160814
Gyroscope,3292769,0.3491737,0.21954434,-0.57634133
LinearAcceleration,3292770,-0.007930793,-1.3033435,-0.935235
Gyroscope,3292789,0.33958632,0.18545587,-0.54331815
LinearAcceleration,3292790,0.03321955,-1.1885715,-0.7954735
Gyroscope,3292809,0.3193463,0.1460411,-0.510295
LinearAcceleration,3292810,0.11956045,-0.88166475,-0.62009823
Gyroscope,3292828,0.2714094,0.10769158,-0.46235806
LinearAcceleration,3292835,0.29328972,-0.1810615,-0.6477812
Gyroscope,3292853,0.19897142,0.059754677,-0.42081273
LinearAcceleration,3293592,0.21592706,1.7304093,-0.95483756
Gyroscope,3293610,0.148904,0.012883042,-0.36435372
LinearAcceleration,3293611,0.07496844,3.5549407,-1.2024878
Gyroscope,3293611,0.21601565,0.02673148,-0.15449663
LinearAcceleration,3293612,0.13422494,3.01834,-1.1921628
Gyroscope,3293612,0.30869365,0.04803677,0.02872885
LinearAcceleration,3293613,0.08095395,3.5613751,-1.0224738
Gyroscope,3293613,0.34171686,0.012883042,0.059621517
LinearAcceleration,3293613,0.3196259,7.119907,-1.9310733
Gyroscope,3293614,0.56968343,-0.0030959249,0.28758812
LinearAcceleration,3293614,0.1997662,1.5705963,-0.5400421
Gyroscope,3293615,-0.02047305,-0.32906684,0.1650827
LinearAcceleration,3293615,-0.37813422,-1.5318402,0.20530279
Gyroscope,3293615,-0.03964781,0.0022303974,0.6029064
LinearAcceleration,3293616,2.633173,-0.009726444,0.7650971
Gyroscope,3293616,-0.15256584,-0.0787297,0.47507465
LinearAcceleration,3293617,2.7084408,0.2558803,0.7273884
Gyroscope,3293617,-0.1685448,-0.20230037,0.40689772
LinearAcceleration,3293617,2.7168205,-1.3697827,0.9638158
Gyroscope,3293627,-0.17813219,-0.37167743,0.3142197
LinearAcceleration,3293628,2.207454,-2.581099,1.0880151
Gyroscope,3293647,-0.1749364,-0.57407767,0.17893113
LinearAcceleration,3293648,1.4649521,-2.7745805,0.6923732
Gyroscope,3293667,-0.091845766,-0.7551726,0.10010157
LinearAcceleration,3293668,0.57356095,-2.98123,0.24540567
Gyroscope,3293687,0.02320279,-0.87980855,0.0692089
LinearAcceleration,3293688,-0.22849663,-3.357868,-0.08723872
Gyroscope,3293708,0.084988125,-0.92987597,0.056425724
LinearAcceleration,3293708,-0.66738373,-3.4063504,-0.49963996
Gyroscope,3293729,0.09031445,-0.92454964,0.024467792
LinearAcceleration,3293730,-0.9231144,-2.8106432,-0.93239194
Gyroscope,3293749,0.12866397,-0.8691559,0.018076206
LinearAcceleration,3293750,-1.1260229,-2.3551462,-1.2110171
Gyroscope,3293769,0.2628873,-0.7668905,0.020206735
LinearAcceleration,3293770,-1.1025299,-2.0874445,-1.2352585
Gyroscope,3293789,0.46422225,-0.6294714,0.05749099
LinearAcceleration,3293790,-0.7966706,-1.6829741,-0.9959879
Gyroscope,3293809,0.58353186,-0.4675512,0.1981059
LinearAcceleration,3293810,-0.31483752,-2.0512323,-0.58792615
Gyroscope,3293829,0.4482433,-0.3450458,0.20875853
LinearAcceleration,3293831,-0.086490534,-1.9259856,-0.43783963
Gyroscope,3293849,0.20323248,-0.2917826,0.027663585
LinearAcceleration,3293850,-0.055964466,0.3544915,-1.38325
Gyroscope,3293869,0.0498344,-0.20123512,-0.09271129
LinearAcceleration,3293870,-0.09367314,2.0272903,-1.9307741
Gyroscope,3293889,0.012550146,-0.010552776,-0.08845024
LinearAcceleration,3293890,0.0017956513,3.2305262,-2.3389854
Gyroscope,3293909,0.115880795,0.21741381,-0.023469107
LinearAcceleration,3293910,0.051475335,5.1235914,-2.5496752
Gyroscope,3293929,0.30549785,0.3196792,-0.01707752
LinearAcceleration,3293930,-0.095169514,6.414216,-1.6543933
Gyroscope,3293949,0.58779293,0.38039926,0.23432489
LinearAcceleration,3293950,0.99853176,2.1327848,-0.47405192
Gyroscope,3293969,0.55157393,0.24724121,0.17786586
LinearAcceleration,3293970,0.26605567,1.9162592,0.16894086
Gyroscope,3293989,0.3459779,0.11088737,0.124602646
LinearAcceleration,3293990,0.024091655,-1.6710031,1.5101427
Gyroscope,3294009,-0.009820406,0.005426191,-0.0266649
LinearAcceleration,3294010,-0.5487211,-0.7294833,1.1290157
Gyroscope,3294029,-0.40609878,-0.079794966,-0.25782728
LinearAcceleration,3294030,-1.3323733,0.21458033,0.6386533
Gyroscope,3294049,-0.61062956,0.013948306,-0.20669459
LinearAcceleration,3294050,-1.6008232,-0.22310968,0.9850644
Gyroscope,3294070,-0.7587013,0.16202006,-0.1044292
LinearAcceleration,3294071,-1.5005659,-0.012719196,1.1941081
Gyroscope,3294089,-0.89825094,0.2834602,-0.057557568
LinearAcceleration,3294090,-1.3814543,0.89947164,1.2834418
Gyroscope,3294109,-0.82687825,0.4123572,0.080926806
LinearAcceleration,3294121,-1.1493665,-0.5240309,1.6736966
Gyroscope,3294130,-0.67987174,0.50929624,0.14377742
LinearAcceleration,3294131,-0.7118261,-1.4110826,1.5050551
Gyroscope,3294149,-0.49984205,0.54445,0.12034159
LinearAcceleration,3294151,-0.5379472,-1.6377836,1.0275614
Gyroscope,3294169,-0.2527007,0.5582984,0.12140685
LinearAcceleration,3294170,-0.16101007,-1.6750433,0.29583356
Gyroscope,3294189,-0.014081464,0.52740574,0.10329736
LinearAcceleration,3294190,-0.22116438,-1.8131589,0.12000936
Gyroscope,3294209,0.17766613,0.4954478,0.12992898
LinearAcceleration,3294210,-0.045938745,-2.607136,0.22744916
Gyroscope,3294229,0.22879882,0.42833617,0.12247212
LinearAcceleration,3294230,-0.0010474633,-3.1949124,0.21472996
Gyroscope,3294249,0.15955664,0.33565816,0.05322993
LinearAcceleration,3294250,-0.046537295,-2.839972,0.045489833
Gyroscope,3294269,0.08392286,0.24724121,0.011684619
LinearAcceleration,3294270,-0.1503858,-2.5582044,0.0038905777
Gyroscope,3294289,0.01574594,0.18971694,-0.006424876
LinearAcceleration,3294290,-0.27428573,-1.7173908,-0.185401
Gyroscope,3294309,-0.0130162,0.1726727,0.023402527
LinearAcceleration,3294310,-0.6142624,-2.1875522,0.10250176
Gyroscope,3294329,-0.07054048,0.18971694,0.032989908
LinearAcceleration,3294330,-0.68818337,-0.6335656,-0.4918588
Gyroscope,3294349,-0.1387174,0.1609548,-0.08845024
LinearAcceleration,3294350,-1.0963948,2.0244472,-1.2189479
Gyroscope,3294369,-0.023668844,0.18332535,-0.09058077
LinearAcceleration,3294370,-1.7102082,2.3234231,-1.1385926
Gyroscope,3294389,0.09244498,0.2834602,-0.041578602
LinearAcceleration,3294390,-2.0102315,1.6876129,-0.887351
Gyroscope,3294409,0.05622599,0.4272709,-0.14703979
LinearAcceleration,3294410,-1.9482816,2.0052936,-0.67112464
Gyroscope,3294429,0.03279017,0.59132165,-0.2812631
LinearAcceleration,3294430,-0.8358757,7.0322194,-2.1504421
Gyroscope,3294449,0.3012368,0.7479155,-0.07992812
LinearAcceleration,3294450,-0.3187281,1.1133038,0.14095862
Gyroscope,3294469,0.37580532,0.86402935,-0.03412175
LinearAcceleration,3294470,0.02184709,1.984494,0.42287588
Gyroscope,3294489,0.21814618,0.84485453,-0.070340745
LinearAcceleration,3294490,1.2235867,0.54183775,0.8834604
Gyroscope,3294509,0.06581337,0.8512461,0.08731839
LinearAcceleration,3294510,2.2186768,0.85532856,0.4631284
Gyroscope,3294529,-0.17067534,0.71702284,0.09797104
LinearAcceleration,3294530,1.8691233,1.7935563,0.76345104
Gyroscope,3294549,-0.24417858,0.61582273,0.29824075
LinearAcceleration,3294550,2.2875102,0.28550854,0.73277533
Gyroscope,3294570,-0.37201032,0.49118677,0.4015714
LinearAcceleration,3294571,2.147599,-0.9585785,1.1070191
Gyroscope,3294589,-0.54032207,0.3644203,0.41755036
LinearAcceleration,3294591,1.9123687,-0.38307226,0.69057757
Gyroscope,3294609,-0.66389275,0.24724121,0.40370193
LinearAcceleration,3294610,1.4264953,-0.8619126,0.777517
Gyroscope,3294629,-0.7469834,0.18012956,0.37920085
LinearAcceleration,3294630,0.9124901,-2.392855,0.9494506
Gyroscope,3294649,-0.83326983,0.13751899,0.25136912
LinearAcceleration,3294650,0.40731356,-2.805705,0.7496844
Gyroscope,3294669,-0.8417919,0.10875684,0.08944892
LinearAcceleration,3294670,0.093373865,-2.524985,0.27353755
Gyroscope,3294689,-0.7469834,0.08958208,-0.047970187
LinearAcceleration,3294690,-0.33563715,-2.2905028,-0.1810615
Gyroscope,3294709,-0.5903895,0.08212523,-0.1736714
LinearAcceleration,3294710,-0.60348845,-2.143409,-0.55590373
Gyroscope,3294729,-0.40929458,0.086386286,-0.24930516
LinearAcceleration,3294730,-0.5952584,-2.0729299,-0.7413047
Gyroscope,3294749,-0.26974493,0.08851682,-0.26421887
LinearAcceleration,3294750,-0.6075287,-2.3392847,-0.6374562
Gyroscope,3294769,-0.22287329,0.09277787,-0.2514357
LinearAcceleration,3294770,-0.4499603,-2.7389667,-0.5177461
Gyroscope,3294789,-0.23139541,0.087451555,-0.23971778
LinearAcceleration,3294790,-0.21712416,-2.2616227,-0.6295254
Gyroscope,3294810,-0.23991752,0.060819943,-0.21947776
LinearAcceleration,3294811,-0.14978725,-1.5816694,-0.51460373
Gyroscope,3294829,-0.2345912,0.04164518,-0.16195348
LinearAcceleration,3294831,-0.0043394906,-0.734571,-0.557849
Gyroscope,3294849,-0.23033014,0.0043609263,-0.15982296
LinearAcceleration,3294851,-0.022296004,1.4401124,-1.1351509
Gyroscope,3294869,-0.17600165,-0.028662272,-0.16834506
LinearAcceleration,3294870,-0.22834699,2.669086,-1.1736077
Gyroscope,3294889,-0.044974133,0.010752513,-0.08205865
LinearAcceleration,3294890,-0.1213561,3.0698154,-1.4912884
Gyroscope,3294909,0.072204955,0.087451555,-0.027730165
LinearAcceleration,3294910,-0.10534488,3.5185788,-1.4662989
Gyroscope,3294930,0.2501041,0.23019698,0.12673318
LinearAcceleration,3294931,-0.16175826,2.864363,-1.0335469
Gyroscope,3294950,0.27247468,0.343115,0.16295217
LinearAcceleration,3294951,0.30645782,6.968623,-1.6177322
Gyroscope,3294969,0.40243694,0.45603305,0.3834619
LinearAcceleration,3294971,0.61112,1.3220483,-0.51220953
Gyroscope,3294989,0.40563273,0.52101415,0.38452718
LinearAcceleration,3294990,0.19916765,2.634819,0.14410101
Gyroscope,3295009,0.41095904,0.53060156,0.41115877
LinearAcceleration,3295011,0.2861071,-2.183063,1.2472295
Gyroscope,3295029,0.30230206,0.43259722,0.21408486
LinearAcceleration,3295030,0.4213795,-0.25662848,0.80101013
Gyroscope,3295049,-0.006624613,0.1907822,-0.16408402
LinearAcceleration,3295050,0.18794483,0.3875614,0.9771336
Gyroscope,3295070,-0.19091536,0.021405157,-0.23545673
LinearAcceleration,3295071,0.058957215,-1.0978911,1.5806221
Gyroscope,3295089,-0.43059987,-0.1266666,-0.2844589
LinearAcceleration,3295091,0.13976152,-1.1451766,1.936161
Gyroscope,3295110,-0.72780865,-0.29604363,-0.37287584
LinearAcceleration,3295111,-0.12000936,-0.26485857,2.0910358
Gyroscope,3295130,-0.83753085,-0.43133223,-0.39844218
LinearAcceleration,3295131,-0.24735096,-0.664391,1.8109143
Gyroscope,3295149,-0.6841328,-0.5250755,-0.3920506
LinearAcceleration,3295151,-0.2558803,-0.73247606,1.3627497
Gyroscope,3295170,-0.3570966,-0.5964482,-0.35476634
LinearAcceleration,3295171,-0.43080667,-1.1601404,0.7493851
Gyroscope,3295189,0.014680675,-0.6603641,-0.32813475
LinearAcceleration,3295190,-0.6274305,-1.7785926,0.14200608
Gyroscope,3295210,0.31828102,-0.70830095,-0.32813475
LinearAcceleration,3295211,-0.8268974,-2.6007016,-0.22714989
Gyroscope,3295229,0.4961802,-0.72001886,-0.31748208
LinearAcceleration,3295231,-1.0103531,-2.8757355,-0.5554548
Gyroscope,3295250,0.5643571,-0.70617044,-0.2876547
LinearAcceleration,3295251,-1.1159973,-2.5866356,-0.7401076
Gyroscope,3295270,0.56542236,-0.6667557,-0.2216083
LinearAcceleration,3295271,-1.1153988,-2.1389198,-0.81507605
Gyroscope,3295289,0.55476975,-0.6060356,-0.11827764
LinearAcceleration,3295290,-1.2556092,-1.9244893,-0.7989152
Gyroscope,3295310,0.5579655,-0.52401024,-0.0266649
LinearAcceleration,3295311,-1.1963527,-1.5569793,-0.6347627
Gyroscope,3295330,0.5803361,-0.4228101,0.080926806
LinearAcceleration,3295331,-0.8771756,-1.1137527,-0.7067384
Gyroscope,3295350,0.56116134,-0.36848164,0.10116683
LinearAcceleration,3295351,-0.5325602,0.8963293,-0.89079267
Gyroscope,3295370,0.5537045,-0.3599595,0.13312477
LinearAcceleration,3295371,-0.46013564,1.2731167,-0.5793968
Gyroscope,3295389,0.5174855,-0.3897869,0.094775245
LinearAcceleration,3295390,0.015263036,2.2758384,-0.8725369
Gyroscope,3295410,0.4812665,-0.506966,-0.061818626
LinearAcceleration,3295411,0.48527476,2.8341362,-0.58747727
Gyroscope,3295430,0.52068126,-0.619884,-0.09164603
LinearAcceleration,3295431,0.9585785,2.6631005,-0.3254618
Gyroscope,3295450,0.4450475,-0.84145904,-0.28339362
LinearAcceleration,3295451,0.98296946,3.4492965,0.28266543
Gyroscope,3295469,0.45889595,-1.0012487,-0.29937258
LinearAcceleration,3295470,1.685967,2.1134815,-0.15128362
Gyroscope,3295489,0.36621794,-1.14719,-0.34198317
LinearAcceleration,3295491,1.6537948,3.8129158,-0.09023148
Gyroscope,3295510,0.35876107,-1.1951268,-0.17793246
LinearAcceleration,3295511,1.3546692,2.510919,0.1743278
Gyroscope,3295530,0.35130423,-1.1003183,0.14271215
LinearAcceleration,3295531,1.6280571,2.7109845,-0.3000234
Gyroscope,3295550,0.32041156,-1.0491856,0.26202175
LinearAcceleration,3295551,1.4475942,3.33228,-0.63281745
Gyroscope,3295570,0.4152201,-0.9288107,0.5027715
LinearAcceleration,3295571,1.6244658,1.2589012,-0.3091513
Gyroscope,3295590,0.4237422,-0.77860844,0.6828012
LinearAcceleration,3295591,1.5982792,-0.26919806,-0.03696049
Gyroscope,3295610,0.33212948,-0.67314726,0.70943284
LinearAcceleration,3295611,1.4116812,-0.14021043,0.002992752
Gyroscope,3295630,0.28419256,-0.6145577,0.66895276
LinearAcceleration,3295631,1.0853215,-2.31235,0.55725044
Gyroscope,3295650,0.18405771,-0.57407767,0.5144894
LinearAcceleration,3295651,0.71451956,-4.077625,0.829142
Gyroscope,3295670,0.06261758,-0.55064183,0.2758702
LinearAcceleration,3295671,0.44113165,-4.233547,0.6805518
Gyroscope,3295689,0.024268055,-0.54638076,0.07666575
LinearAcceleration,3295690,0.33010057,-3.8622963,0.60782796
Gyroscope,3295710,0.060487047,-0.5911219,-0.058622833
LinearAcceleration,3295711,0.5623381,-3.4674027,0.47689506
Gyroscope,3295730,0.12440291,-0.7296063,-0.12147343
LinearAcceleration,3295731,0.97877955,-2.8541877,0.51460373
Gyroscope,3295750,0.22027671,-0.986335,-0.10336394
LinearAcceleration,3295751,1.2376527,-2.3725042,0.6175544
Gyroscope,3295770,0.33106422,-1.3378723,-0.018142784
LinearAcceleration,3295771,1.2952632,-2.3491607,0.7365163
Gyroscope,3295789,0.42800328,-1.7384117,0.081992075
LinearAcceleration,3295790,0.91832596,-2.171092,0.7053917
Gyroscope,3295814,0.50896335,-2.101667,0.18532272
LinearAcceleration,3295816,0.28984803,-1.9210476,0.47494975
Gyroscope,3295934,0.5643571,-2.3541346,0.29824075
LinearAcceleration,3295934,-0.22655134,-1.2279263,-0.025288755
Gyroscope,3295935,0.5888582,-2.4787705,0.42181143
LinearAcceleration,3295935,-0.94077164,-0.9151836,-0.45310268
Gyroscope,3295936,0.555835,-2.4595957,0.50170624
LinearAcceleration,3295936,-1.5062522,0.1273416,-1.3289316
Gyroscope,3295936,0.5174855,-2.3456123,0.4740094
LinearAcceleration,3295952,-2.2505496,1.2681787,-2.221071
Gyroscope,3295955,0.51855075,-2.0995364,0.41115877
LinearAcceleration,3295956,-2.8622682,1.5490485,-2.8327894
Gyroscope,3295956,0.5217465,-1.7469338,0.26947862
LinearAcceleration,3295956,-3.255366,2.3332992,-3.403208
Gyroscope,3295957,0.519616,-1.3559817,0.0084888255
LinearAcceleration,3295958,-3.0174422,4.6380177,-4.12506
Gyroscope,3296727,0.6272077,-0.9671602,-0.20136827
LinearAcceleration,3296772,-2.834286,1.7245734,-2.784756
Gyroscope,3296773,0.65383935,-0.5911219,-0.40057272
LinearAcceleration,3296773,-2.2249615,2.478747,-1.7030256
Gyroscope,3296774,0.62401193,-0.2523678,-0.2748715
LinearAcceleration,3296774,-0.91623104,0.33039984,0.46866497
Gyroscope,3296775,0.3491737,0.0949084,0.20343222
LinearAcceleration,3296775,0.4007295,-0.92042094,1.7003322
Gyroscope,3296776,-0.2708102,0.13006213,0.28865337
LinearAcceleration,3296776,0.8560767,0.23777416,1.9915268
Gyroscope,3296776,-0.8343351,0.0043609263,0.24710806
LinearAcceleration,3296777,0.83378077,1.1800421,1.2469301
Gyroscope,3296777,0.2628873,0.6467154,-0.083123915
LinearAcceleration,3296778,-1.7087119,-2.6250925,0.4185364
Gyroscope,3296778,-0.6500443,0.9961221,0.018076206
LinearAcceleration,3296779,0.33444005,-3.1970074,2.6042929
Gyroscope,3296779,-0.6266085,0.9524463,-0.107625
LinearAcceleration,3296780,0.1273416,-3.403657,2.4084172
Gyroscope,3296780,-0.62767375,0.89279145,-0.24610937
LinearAcceleration,3296781,0.015562311,-2.8930936,1.9476831
Gyroscope,3296781,-0.6063685,0.822484,-0.365419
LinearAcceleration,3296782,-0.1770213,-2.2254105,1.4252982
Gyroscope,3296789,-0.52647364,0.7564376,-0.421878
LinearAcceleration,3296789,-0.24076691,-1.9838954,1.1801918
Gyroscope,3296809,-0.43166512,0.6818691,-0.45596647
LinearAcceleration,3296809,-0.2741361,-1.8745103,1.0552444
Gyroscope,3296829,-0.35603136,0.60836583,-0.46448857
LinearAcceleration,3296829,-0.1714847,-1.3391069,0.9454104
Gyroscope,3296849,-0.3091597,0.54551524,-0.41974747
LinearAcceleration,3296849,-0.14859015,-0.4647744,0.9849147
Gyroscope,3296868,-0.29318073,0.51036155,-0.30895996
LinearAcceleration,3296869,-0.1448492,0.3764882,0.94166946
Gyroscope,3296888,-0.3059639,0.4784036,-0.2514357
LinearAcceleration,3296889,-0.16445173,2.3686137,0.3345897
Gyroscope,3296908,-0.24311331,0.4570983,-0.19710721
LinearAcceleration,3296909,-0.30466217,3.72448,0.15337855
Gyroscope,3296928,-0.10036788,0.5295363,-0.010685934
LinearAcceleration,3296929,-0.11671733,3.9547722,0.20350714
Gyroscope,3296948,0.024268055,0.65417224,0.20556274
LinearAcceleration,3296949,0.13931261,3.441216,0.6465841
Gyroscope,3296970,0.086053394,0.786265,0.38559243
LinearAcceleration,3296971,0.25288755,5.524321,-0.029478608
Gyroscope,3296990,0.08072707,0.82035345,0.38133138
LinearAcceleration,3296991,-0.067336924,3.520524,1.5285481
Gyroscope,3297010,0.28206205,0.9396631,0.62740743
LinearAcceleration,3297011,0.79637134,0.6277298,1.3727754
Gyroscope,3297030,0.30549785,0.89918303,0.56988317
LinearAcceleration,3297031,0.58987147,-1.1605892,2.9016228
Gyroscope,3297050,0.16807875,0.77561235,0.41755036
LinearAcceleration,3297051,0.4492121,-1.6530466,2.4625862
Gyroscope,3297070,-0.20689432,0.47414255,-0.1044292
LinearAcceleration,3297071,-0.2614169,-0.09801263,2.6086323
Gyroscope,3297090,-0.5328652,0.2685465,-0.39418113
LinearAcceleration,3297091,-0.5710171,-0.24121583,2.195483
Gyroscope,3297110,-0.7043728,0.22806646,-0.41974747
LinearAcceleration,3297111,-0.96067345,-0.06628946,2.3207297
Gyroscope,3297130,-0.77468026,0.2802644,-0.3078947
LinearAcceleration,3297131,-0.78320324,0.58912325,2.5634418
Gyroscope,3297150,-0.79065925,0.31541815,-0.16941033
LinearAcceleration,3297151,-0.51205987,0.52253455,2.7112837
Gyroscope,3297170,-0.70224226,0.32074445,-0.03199122
LinearAcceleration,3297171,-0.22625206,-0.08424597,2.5965118
Gyroscope,3297190,-0.5211473,0.27387282,0.039381493
LinearAcceleration,3297191,-0.037110128,-0.6003461,2.186056
Gyroscope,3297210,-0.25376597,0.17373797,0.035120435
LinearAcceleration,3297211,0.0016460137,-0.9721955,1.4856021
Gyroscope,3297230,0.07540075,0.05868941,0.018076206
LinearAcceleration,3297231,-0.18689737,-1.6187797,0.9279028
Gyroscope,3297250,0.3790011,-0.014813834,0.035120435
LinearAcceleration,3297251,-0.29703066,-2.4536078,0.51834464
Gyroscope,3297270,0.5600961,-0.056359146,0.058556255
LinearAcceleration,3297271,-0.38382047,-2.8018146,0.1726818
Gyroscope,3297290,0.6144245,-0.075533904,0.068143636
LinearAcceleration,3297291,-0.39653966,-2.607585,-0.10250176
Gyroscope,3297310,0.612294,-0.075533904,0.12034159
LinearAcceleration,3297311,-0.39399582,-2.828899,0.013916298
Gyroscope,3297331,0.54092133,-0.062750734,0.18851851
LinearAcceleration,3297332,-0.20859483,-2.6002526,0.05117606
Gyroscope,3297350,0.40776324,-0.08299076,0.18958378
LinearAcceleration,3297351,-0.019303251,-2.4979005,0.5600936
Gyroscope,3297370,0.32147682,-0.12560134,0.18745326
LinearAcceleration,3297371,0.7254431,-0.9531916,0.2677017
Gyroscope,3297390,0.28419256,-0.3066963,0.0084888255
LinearAcceleration,3297391,0.9178771,2.0937295,0.06299743
Gyroscope,3297410,0.41948116,-0.5101618,-0.07566706
LinearAcceleration,3297411,0.52133745,2.5381532,0.11342531
Gyroscope,3297430,0.5462476,-0.6656904,-0.13212608
LinearAcceleration,3297431,0.38920742,2.3008277,0.4523545
Gyroscope,3297450,0.5505087,-0.7956527,-0.22267355
LinearAcceleration,3297451,0.37229836,2.8550856,0.6205472
Gyroscope,3297470,0.45463488,-0.97674763,-0.43359593
LinearAcceleration,3297471,0.42631754,4.74037,0.5407903
Gyroscope,3297490,0.5419866,-1.0843393,-0.40589905
LinearAcceleration,3297491,1.2810476,1.3136685,0.88869774
Gyroscope,3297510,0.41308957,-1.2025837,-0.48685914
LinearAcceleration,3297511,1.1686697,3.1940148,1.4368203
Gyroscope,3297530,0.19471036,-1.2366722,-0.36435372
LinearAcceleration,3297531,1.5061026,1.0363901,2.037316
Gyroscope,3297550,-0.037517283,-1.110971,0.029794114
LinearAcceleration,3297551,1.7696143,1.2954128,1.8526632
Gyroscope,3297570,-0.33579132,-1.0257498,0.21515012
LinearAcceleration,3297571,1.7293618,1.9496284,1.7805378
Gyroscope,3297590,-0.3752061,-0.96396446,0.3983756
LinearAcceleration,3297591,1.8647839,1.5460558,1.884985
Gyroscope,3297610,-0.33153027,-0.9447897,0.47187886
LinearAcceleration,3297611,1.7999908,0.50951606,2.3533506
Gyroscope,3297630,-0.3634882,-0.96929073,0.39731035
LinearAcceleration,3297631,1.3777134,0.059106853,1.9469349
Gyroscope,3297650,-0.3997072,-1.0150971,0.1949101
LinearAcceleration,3297651,0.62728083,-0.30974984,1.435324
Gyroscope,3297670,-0.3006376,-1.006575,0.04790361
LinearAcceleration,3297671,0.2379238,-1.3842975,1.1158476
Gyroscope,3297690,-0.109955266,-0.9778129,-0.056492303
LinearAcceleration,3297691,-0.0676362,-1.8748096,0.63176996
Gyroscope,3297710,0.089249186,-0.9437244,-0.15769242
LinearAcceleration,3297711,-0.49530047,-2.247557,0.3458125
Gyroscope,3297730,0.26395255,-0.88193905,-0.19497667
LinearAcceleration,3297731,-0.62802905,-3.0439281,0.098461546
Gyroscope,3297750,0.33106422,-0.82867587,-0.24291357
LinearAcceleration,3297751,-0.84949267,-3.0799909,0.009576807
Gyroscope,3297770,0.35343477,-0.7700863,-0.2716757
LinearAcceleration,3297771,-0.9379285,-3.0440779,-0.31289223
Gyroscope,3297790,0.33319473,-0.70617044,-0.2876547
LinearAcceleration,3297791,-0.9626187,-2.759916,-0.40821138
Gyroscope,3297810,0.31295472,-0.6326672,-0.25889254
LinearAcceleration,3297811,-0.9255086,-2.730587,-0.28790274
Gyroscope,3297831,0.2714094,-0.55277234,-0.19178088
LinearAcceleration,3297832,-0.694917,-3.028665,0.06120178
Gyroscope,3297850,0.13718608,-0.49311757,-0.14490925
LinearAcceleration,3297851,-0.41464582,-2.6243443,0.14469956
Gyroscope,3297870,-0.050300453,-0.45689857,-0.12040817
LinearAcceleration,3297871,-0.17956513,-1.7215806,-0.16938977
Gyroscope,3297890,-0.1717406,-0.4590291,-0.17473665
LinearAcceleration,3297891,-0.38441902,0.12764087,-0.6738181
Gyroscope,3297910,-0.11315106,-0.49737862,-0.29830733
LinearAcceleration,3297911,-0.50143564,2.2686558,-1.2306197
Gyroscope,3297930,0.07540075,-0.5389239,-0.38459376
LinearAcceleration,3297931,-0.94885206,3.2812533,-1.5804724
Gyroscope,3297950,0.28738835,-0.49311757,-0.40057272
LinearAcceleration,3297951,-1.0857705,3.5558383,-1.6672622
Gyroscope,3297970,0.499376,-0.3450458,-0.28871995
LinearAcceleration,3297971,-1.4155718,3.5339913,-1.4221559
Gyroscope,3297990,0.5888582,-0.22040987,-0.33772212
LinearAcceleration,3297991,-1.105373,4.6009073,-1.2430396
Gyroscope,3298010,0.77527946,-0.064881265,-0.20562932
LinearAcceleration,3298011,-0.3184288,1.5266029,-0.54423195
Gyroscope,3298030,0.67088354,0.05123256,-0.099102885
LinearAcceleration,3298031,0.006135142,0.9045593,0.87089086
Gyroscope,3298050,0.34171686,0.11408316,-0.03625228
LinearAcceleration,3298051,-0.40043023,-1.9446903,1.9436429
Gyroscope,3298070,-0.11741211,0.16202006,-0.05329651
LinearAcceleration,3298071,0.38142624,-0.014215573,1.5818192
Gyroscope,3298090,-0.5509747,0.05336309,-0.25037044
LinearAcceleration,3298091,-0.39205053,1.154903,1.7112557
Gyroscope,3298110,-0.71822125,0.057624146,-0.20562932
LinearAcceleration,3298111,-0.44861355,0.8283938,1.8402433
Gyroscope,3298130,-0.7597666,0.13645372,-0.050100718
LinearAcceleration,3298131,-0.29538465,0.9274539,1.8975545
Gyroscope,3298150,-0.73420024,0.21102223,0.07453522
LinearAcceleration,3298151,-0.15083471,1.3380594,1.6742952
Gyroscope,3298170,-0.57441056,0.27174228,0.23752068
LinearAcceleration,3298171,-0.24600422,-0.115370594,1.6311996
Gyroscope,3298190,-0.39118508,0.34844133,0.38133138
LinearAcceleration,3298191,-0.12584522,-1.5491982,1.3660417
Gyroscope,3298210,-0.24950491,0.38359505,0.3951798
LinearAcceleration,3298211,-0.09307459,-1.989432,0.9290999
Gyroscope,3298230,-0.0758668,0.38146454,0.34937343
LinearAcceleration,3298231,-0.013317747,-2.220622,0.5069722
Gyroscope,3298250,0.11907659,0.3580287,0.2780007
LinearAcceleration,3298251,-0.06838439,-2.5157075,0.13856442
Gyroscope,3298270,0.29910627,0.33672342,0.2098238
LinearAcceleration,3298271,-0.10908581,-2.681506,-0.023493104
Gyroscope,3298291,0.4205464,0.31754866,0.15336479
LinearAcceleration,3298292,-0.13467385,-2.8097453,-0.08723872
Gyroscope,3298310,0.45889595,0.30050445,0.10436262
LinearAcceleration,3298311,-0.185401,-2.5531168,-0.10160393
Gyroscope,3298331,0.45143908,0.29304758,0.08625313
LinearAcceleration,3298332,-0.19916765,-2.618658,-0.025438393
Gyroscope,3298350,0.39924112,0.30370024,0.079861544
LinearAcceleration,3298352,-0.19393034,-2.0293853,-0.11851298
Gyroscope,3298370,0.35343477,0.32180974,0.07453522
LinearAcceleration,3298371,-0.27667993,-1.9325697,0.104895964
Gyroscope,3298391,0.31721577,0.33139712,0.041512024
LinearAcceleration,3298392,-0.025887307,-0.57356095,-0.08245032
Gyroscope,3298410,0.25223464,0.2419149,-0.095907085
LinearAcceleration,3298411,-0.004489128,1.0851719,-0.066139825
Gyroscope,3298430,0.19257984,0.11088737,-0.24397884
LinearAcceleration,3298431,0.14544775,1.9231426,-0.260968
Gyroscope,3298450,0.1787314,-0.041445445,-0.39737692
LinearAcceleration,3298451,0.18270752,2.373103,-0.040551793
Gyroscope,3298471,0.2447778,-0.16075505,-0.45809698
LinearAcceleration,3298472,0.07451953,1.3214498,0.5906196
Gyroscope,3298490,0.1307945,-0.32587105,-0.67860675
LinearAcceleration,3298492,0.76898766,5.3206644,-0.32635963
Gyroscope,3298510,0.18831877,-0.5112271,-0.8106995
LinearAcceleration,3298511,-0.26665422,1.0839748,0.19348143
Gyroscope,3298530,0.19577563,-0.5112271,-0.87248486
LinearAcceleration,3298532,-0.20844519,4.419996,-0.3091513
Gyroscope,3298550,0.2383862,-0.46968174,-0.7648932
LinearAcceleration,3298552,0.20814592,3.2638955,-0.2877531
Gyroscope,3298571,0.29804102,-0.20443091,-0.26528412
LinearAcceleration,3298572,0.54617727,3.2330701,-0.5880758
Gyroscope,3298591,0.23945147,-0.023335949,0.09157945
LinearAcceleration,3298592,0.930297,3.2700305,-0.1328782
Gyroscope,3298610,0.26182202,0.09384314,0.46229148
LinearAcceleration,3298611,1.5120881,1.1435306,0.12823942
Gyroscope,3298630,0.14783873,0.1460411,0.70197594
LinearAcceleration,3298632,1.8400936,-0.29732993,0.8028058
Gyroscope,3298651,-0.022603579,0.12473581,0.7893277
LinearAcceleration,3298652,1.9900305,-0.53944355,0.66259533
Gyroscope,3298671,-0.14297846,0.023535686,0.72008544
LinearAcceleration,3298672,1.6576854,-1.4561236,0.8807669
Gyroscope,3298690,-0.19198063,-0.07233811,0.60397166
LinearAcceleration,3298691,1.2505214,-2.807052,1.1698668
Gyroscope,3298711,-0.22819962,-0.1596898,0.4345946
LinearAcceleration,3298712,0.8693945,-3.60477,1.0751462
Gyroscope,3298731,-0.25163543,-0.24171516,0.2098238
LinearAcceleration,3298732,0.53106385,-3.2983122,0.62922615
Gyroscope,3298751,-0.20156801,-0.30776155,0.010619354
LinearAcceleration,3298752,0.19018939,-3.0780456,0.25573066
Gyroscope,3298770,-0.103563674,-0.34930685,-0.13106081
LinearAcceleration,3298771,-0.055216275,-3.057246,0.05805939
Gyroscope,3298791,-0.030060431,-0.3812648,-0.25676203
LinearAcceleration,3298792,-0.23403321,-2.8872576,-0.086490534
Gyroscope,3298811,0.014680675,-0.4078964,-0.35476634
LinearAcceleration,3298812,-0.34910452,-2.9225721,-0.09636662
Gyroscope,3298831,0.018941734,-0.4228101,-0.41868222
LinearAcceleration,3298832,-0.370802,-3.0925603,-0.10699089
Gyroscope,3298851,-0.019407786,-0.42494065,-0.4495749
LinearAcceleration,3298852,-0.41943422,-2.9945478,-0.10250176
Gyroscope,3298870,-0.122738436,-0.4228101,-0.47620648
LinearAcceleration,3298871,-0.31812954,-2.5254338,-0.13183074
Gyroscope,3298891,-0.27720177,-0.4110922,-0.46555385
LinearAcceleration,3298892,-0.2681506,-1.6141409,-0.39863458
Gyroscope,3298909,-0.45510092,-0.4015048,-0.5028381
LinearAcceleration,3298910,-0.33713353,0.717662,-1.0832267
Gyroscope,3298929,-0.47107992,-0.4110922,-0.5720803
LinearAcceleration,3298929,-0.5223849,3.4066498,-1.644218
Gyroscope,3298949,-0.22393855,-0.3929827,-0.53692657
LinearAcceleration,3298950,-0.5599439,4.2082586,-1.8520646
Gyroscope,3298969,0.10735868,-0.34611106,-0.4730107
LinearAcceleration,3298970,-0.61276597,3.6982934,-1.379958
Gyroscope,3298989,0.39284953,-0.2406499,-0.33665684
LinearAcceleration,3298990,-1.2650363,3.6089597,-1.0981904
Gyroscope,3299011,0.463157,-0.20336564,-0.41442114
LinearAcceleration,3299012,-0.8218097,5.7154083,-0.9528923
Gyroscope,3299031,0.628273,-0.09577393,-0.22906514
LinearAcceleration,3299032,-0.7038953,1.3880384,-0.657358
Gyroscope,3299051,0.49511492,0.029927272,-0.16088822
LinearAcceleration,3299052,-0.32950202,1.0775404,0.7067384
Gyroscope,3299071,0.28099677,0.13645372,-0.04583966
LinearAcceleration,3299072,-0.9094974,-1.7824832,1.2632407
Gyroscope,3299091,-0.08545418,0.193978,-0.111886054
LinearAcceleration,3299093,-0.33758244,-0.28086978,1.6187797
Gyroscope,3299111,-0.50623363,0.116213694,-0.34944
LinearAcceleration,3299112,-0.8125322,0.1189619,1.2650363
Gyroscope,3299129,-0.7863982,0.1545632,-0.36328846
LinearAcceleration,3299130,-1.0947487,0.5626374,1.728913
Gyroscope,3299149,-0.9046425,0.29198232,-0.16195348
LinearAcceleration,3299150,-0.8379706,0.7793127,1.8616414
Gyroscope,3299169,-0.9334047,0.38998663,-0.011751198
LinearAcceleration,3299169,-0.65990186,0.96950203,1.9976621
Gyroscope,3299189,-0.7885287,0.45070672,0.12140685
LinearAcceleration,3299190,-0.49634793,0.03172317,1.6087539
Gyroscope,3299209,-0.52008206,0.49757835,0.23432489
LinearAcceleration,3299210,-0.049679685,-0.47165772,1.1540052
Gyroscope,3299229,-0.17387113,0.49757835,0.31528497
LinearAcceleration,3299230,0.250643,-0.9024644,0.657358
Gyroscope,3299249,0.18831877,0.4539025,0.37600505
LinearAcceleration,3299250,0.48198274,-1.8680758,0.30017304
Gyroscope,3299269,0.47167912,0.37294242,0.36641768
LinearAcceleration,3299269,0.5885247,-2.4326587,0.036361936
Gyroscope,3299291,0.66449195,0.27280757,0.31315446
LinearAcceleration,3299292,0.65316814,-2.432509,-0.18091187
Gyroscope,3299311,0.8083027,0.17480324,0.299306
LinearAcceleration,3299312,0.68728554,-2.5492263,-0.076015905
Gyroscope,3299331,0.8530438,0.07466838,0.28013125
LinearAcceleration,3299332,0.6452374,-2.710835,-8.9782564E-4
Gyroscope,3299351,0.83386904,-0.009487512,0.28652284
LinearAcceleration,3299352,0.35344404,-3.0862756,0.18884265
Gyroscope,3299371,0.7198857,-0.03292333,0.34830818
LinearAcceleration,3299372,0.095768064,-3.2908301,0.35119945
Gyroscope,3299391,0.45037383,-0.024401214,0.33019868
LinearAcceleration,3299392,-0.31004912,-2.282123,-0.106691614
Gyroscope,3299411,0.2351904,0.025666215,0.3419166
LinearAcceleration,3299412,-0.51205987,-0.8454525,-0.30705637
Gyroscope,3299431,0.072204955,0.039514653,0.30889338
LinearAcceleration,3299432,-0.60707974,0.29373863,-0.4209306
Gyroscope,3299451,-0.107824735,-0.0030959249,0.11821106
LinearAcceleration,3299452,-0.7662942,1.646313,-0.7839514
Gyroscope,3299471,-0.12806475,-0.04996756,-0.095907085
LinearAcceleration,3299472,-0.8375217,2.459294,-0.7959224
Gyroscope,3299491,0.018941734,-0.051032823,-0.22480409
LinearAcceleration,3299492,-1.0518028,2.461389,-0.7317279
Gyroscope,3299511,0.102032356,-0.0787297,-0.46129277
LinearAcceleration,3299512,-0.082300685,4.602853,-0.71122754
Gyroscope,3299531,0.29804102,-0.11281816,-0.55823183
LinearAcceleration,3299532,-0.23253684,2.559252,-0.8596681
Gyroscope,3299551,0.39817587,-0.06807706,-0.53373075
LinearAcceleration,3299552,0.24435821,4.2441716,-0.42826283
Gyroscope,3299571,0.46741804,-0.009487512,-0.3675495
LinearAcceleration,3299572,0.943914,3.7424366,-0.7170634
Gyroscope,3299591,0.539856,0.14391057,0.052164666
LinearAcceleration,3299592,1.2104186,2.9339445,-0.55455697
Gyroscope,3299611,0.49085388,0.21634854,0.31954604
LinearAcceleration,3299612,1.8243817,3.1561563,-0.14260463
Gyroscope,3299631,0.44930857,0.21528329,0.56455684
LinearAcceleration,3299632,2.1896472,0.97429043,0.014065935
Gyroscope,3299651,0.28099677,0.20995696,0.7690876
LinearAcceleration,3299652,2.2056582,-0.6878841,0.7142203
Gyroscope,3299671,0.016811205,0.16841164,0.81915504
LinearAcceleration,3299672,1.9586066,-1.0443208,0.5409399
Gyroscope,3299691,-0.22713435,0.084255755,0.7041065
LinearAcceleration,3299692,1.4531308,-1.6350901,0.75731593
Gyroscope,3299711,-0.36561874,0.040579915,0.5986453
LinearAcceleration,3299712,1.1215339,-3.0403368,0.84709847
Gyroscope,3299731,-0.459362,0.0064914552,0.43672514
LinearAcceleration,3299732,0.808492,-3.5546412,0.96082306
Gyroscope,3299751,-0.49131992,-0.031858064,0.26628283
LinearAcceleration,3299752,0.50996494,-3.6872203,0.91383684
Gyroscope,3299771,-0.4859936,-0.0787297,0.0990363
LinearAcceleration,3299772,0.2575263,-3.5157356,0.6426935
Gyroscope,3299791,-0.4444483,-0.13305819,-0.061818626
LinearAcceleration,3299792,-0.0010474633,-3.1413422,0.33653498
Gyroscope,3299811,-0.3389871,-0.19058247,-0.18645456
LinearAcceleration,3299812,-0.046387658,-2.441487,0.07870938
Gyroscope,3299832,-0.18985009,-0.26941204,-0.24397884
LinearAcceleration,3299833,0.08664017,-2.1021092,0.07392098
Gyroscope,3299851,-0.06947521,-0.3812648,-0.21095565
LinearAcceleration,3299852,0.6286276,-1.6386814,0.22430678
Gyroscope,3299871,0.018941734,-0.56875134,-0.07886286
LinearAcceleration,3299872,1.0890625,-1.0928035,0.4249708
Gyroscope,3299891,0.11481553,-0.8425243,0.10649315
LinearAcceleration,3299892,1.574038,-0.33114803,0.41060558
Gyroscope,3299911,0.23732094,-1.1929963,0.32593763
LinearAcceleration,3299912,1.7238252,-0.13631986,0.59585696
Gyroscope,3299931,0.33532527,-1.5722305,0.500641
LinearAcceleration,3299932,1.3165116,0.46851534,0.3091513
Gyroscope,3299951,0.38752323,-1.9397466,0.5262073
LinearAcceleration,3299952,0.60333884,2.2864625,-0.40686464
Gyroscope,3299971,0.49511492,-2.2007365,0.51555467
LinearAcceleration,3299972,-0.6003461,2.9079075,-0.9448118
Gyroscope,3299991,0.6165551,-2.2561302,0.49851045
LinearAcceleration,3299992,-1.3949218,2.8760347,-1.4447511
Gyroscope,3300011,0.7497131,-2.1123195,0.5091631
LinearAcceleration,3300012,-2.4753053,3.3153708,-1.802385
Gyroscope,3300030,0.8221511,-1.8843529,0.37067872
LinearAcceleration,3300031,-2.8161798,4.411466,-1.782932
Gyroscope,3300051,0.9723534,-1.5370767,0.3770703
LinearAcceleration,3300052,-2.6396074,1.6837224,-1.5655086
Gyroscope,3300071,0.92867756,-1.1844742,0.3003713
LinearAcceleration,3300072,-2.0470424,1.5762825,-0.11043255
Gyroscope,3300091,0.7742142,-0.82867587,0.38665769
LinearAcceleration,3300092,-1.946037,-1.5061026,1.0681132
Gyroscope,3300111,0.31508523,-0.5250755,0.39944088
LinearAcceleration,3300112,-0.8475474,-0.21817163,1.3331214
Gyroscope,3300131,-0.22606908,-0.3897869,0.25030386
LinearAcceleration,3300132,-1.0055647,0.4878186,0.95603466
Gyroscope,3300151,-0.54032207,-0.21827933,0.26841334
LinearAcceleration,3300152,-0.84485394,1.2645874,1.1457752
Gyroscope,3300171,-0.6053032,-0.027597006,0.44737777
LinearAcceleration,3300172,-0.4451719,0.85413146,1.3002012
Gyroscope,3300191,-0.61702114,0.10662631,0.5784053
LinearAcceleration,3300192,-0.25902268,0.18884265,1.472434
Gyroscope,3300211,-0.58932424,0.2056959,0.6519085
LinearAcceleration,3300212,-0.23343466,-1.0405799,1.5159786
Gyroscope,3300231,-0.4838631,0.2834602,0.6764096
LinearAcceleration,3300232,-0.14709377,-2.0632033,1.3890859
Gyroscope,3300251,-0.33792186,0.30050445,0.60077584
LinearAcceleration,3300252,-0.19407998,-2.4868274,0.96680856
Gyroscope,3300271,-0.1685448,0.28239495,0.47187886
LinearAcceleration,3300272,-0.4245219,-2.746748,0.65870476
Gyroscope,3300291,-0.018342521,0.26961178,0.33339447
LinearAcceleration,3300292,-0.6979098,-2.8809729,0.3664625
Gyroscope,3300311,0.088183925,0.2802644,0.20343222
LinearAcceleration,3300312,-0.94900167,-2.5923219,0.079008654
Gyroscope,3300332,0.18831877,0.33246237,0.12566791
LinearAcceleration,3300333,-1.1357495,-2.4984992,-0.023942016
Gyroscope,3300351,0.25862622,0.4187488,0.10010157
LinearAcceleration,3300352,-1.2954128,-2.409016,-0.004638766
Gyroscope,3300371,0.25756097,0.5337973,0.09051419
LinearAcceleration,3300372,-1.4630069,-2.2399254,-0.082899235
Gyroscope,3300391,0.20429774,0.693587,0.107558414
LinearAcceleration,3300392,-1.6522985,-2.3223755,-0.067935474
Gyroscope,3300411,0.086053394,0.89492196,0.10542789
LinearAcceleration,3300412,-1.8968062,-2.7220576,0.19093758
Gyroscope,3300431,-0.13019529,1.1633686,0.07773101
LinearAcceleration,3300432,-2.123657,-2.2495022,0.070778586
Gyroscope,3300451,-0.43059987,1.4371415,-0.067144945
LinearAcceleration,3300452,-2.1655555,0.14859015,-0.31259295
Gyroscope,3300471,-0.66176224,1.6800219,-0.29830733
LinearAcceleration,3300472,-1.8665795,2.0524294,-0.70718735
Gyroscope,3300491,-0.6628275,1.9026622,-0.46555385
LinearAcceleration,3300492,-1.2660838,3.419369,-0.5482722
Gyroscope,3300511,-0.42207775,2.082692,-0.48579386
LinearAcceleration,3300512,-0.40476972,2.2958899,0.37933132
Gyroscope,3300531,-0.25802702,2.1370203,-0.566754
LinearAcceleration,3300532,0.8765771,4.554819,0.41000703
Gyroscope,3300551,-0.20689432,1.9452727,-0.8682238
LinearAcceleration,3300552,0.672621,1.1213843,1.5046061
Gyroscope,3300571,-0.18452378,1.8089188,-1.0407966
LinearAcceleration,3300572,1.4241011,4.054281,0.29314008
Gyroscope,3300591,-0.076932065,1.6608471,-1.0109693
LinearAcceleration,3300592,2.375497,4.2904096,0.29194298
Gyroscope,3300611,0.1275987,1.6299545,-0.5688845
LinearAcceleration,3300612,2.3630772,3.056797,0.030376434
Gyroscope,3300631,0.15209979,1.5447333,-0.22267355
LinearAcceleration,3300632,2.5532665,3.2609026,0.84844524
Gyroscope,3300651,0.09564077,1.4360763,0.14910373
LinearAcceleration,3300652,2.7816133,0.8370728,0.7460931
Gyroscope,3300671,-0.08225839,1.3103751,0.38133138
LinearAcceleration,3300672,2.583643,-0.74534494,1.3299791
Gyroscope,3300691,-0.28465864,1.1548465,0.45696515
LinearAcceleration,3300692,2.3832781,-0.4801871,0.9701006
Gyroscope,3300711,-0.42740408,0.97162104,0.44844303
LinearAcceleration,3300712,1.8400936,-1.607856,1.2357074
Gyroscope,3300731,-0.50836414,0.82141876,0.4228767
LinearAcceleration,3300732,1.3914801,-3.3628058,1.5144823
Gyroscope,3300751,-0.6159559,0.67441225,0.279066
LinearAcceleration,3300752,0.9463082,-3.9513307,1.3581109
Gyroscope,3300771,-0.6926549,0.5401889,0.08518787
LinearAcceleration,3300772,0.38217443,-3.4629135,0.9576807
Gyroscope,3300791,-0.6724149,0.4421846,-0.067144945
LinearAcceleration,3300792,0.0062847794,-2.959383,0.5279215
Gyroscope,3300811,-0.5850632,0.38039926,-0.16408402
LinearAcceleration,3300812,-0.31738135,-2.4925137,0.041000705
Gyroscope,3300832,-0.46149254,0.3377887,-0.23758726
LinearAcceleration,3300833,-0.5264251,-1.7913117,-0.2641104
Gyroscope,3300851,-0.30489865,0.30370024,-0.27593678
LinearAcceleration,3300852,-0.6461352,-1.7129017,-0.48512512
Gyroscope,3300871,-0.1834585,0.27174228,-0.30363366
LinearAcceleration,3300872,-0.56158996,-1.3335704,-0.5770026
Gyroscope,3300891,-0.09930262,0.23552331,-0.33559158
LinearAcceleration,3300892,-0.4655226,-0.9316437,-0.62368953
Gyroscope,3300911,0.0029627667,0.21528329,-0.32174316
LinearAcceleration,3300912,-0.21532851,-0.6027403,-0.64718264
Gyroscope,3300931,0.086053394,0.20036958,-0.292981
LinearAcceleration,3300932,0.03247136,0.108936176,-0.50966567
Gyroscope,3300951,0.16488296,0.19504327,-0.25676203
LinearAcceleration,3300952,0.23567922,0.5978022,-0.80594814
Gyroscope,3300972,0.23625568,0.13645372,-0.33878738
LinearAcceleration,3300973,0.22909518,2.2601264,-0.912939
Gyroscope,3300992,0.33852106,0.08212523,-0.35796213
LinearAcceleration,3300993,0.3172317,2.5155578,-0.91937345
Gyroscope,3301011,0.40989378,0.07892944,-0.32067788
LinearAcceleration,3301012,0.3172317,2.6865935,-1.0052655
Gyroscope,3301031,0.50044125,0.15349795,-0.2034988
LinearAcceleration,3301032,0.0043394906,3.0918121,-1.0238205
Gyroscope,3301051,0.5260076,0.17373797,-0.272741
LinearAcceleration,3301052,0.11956045,5.8391585,-1.0100539
Gyroscope,3301071,0.75930053,0.19610852,-0.18751983
LinearAcceleration,3301072,0.6335656,1.8608932,-0.8877999
Gyroscope,3301091,0.86050063,0.17054218,-0.22267355
LinearAcceleration,3301092,0.18719664,0.09053075,1.2181997
Gyroscope,3301111,0.7507784,0.09916946,-0.28552416
LinearAcceleration,3301112,0.45385087,-1.505504,1.4443022
Gyroscope,3301131,0.3608916,-0.13944978,-0.61575615
LinearAcceleration,3301132,-0.097862996,0.046686932,1.6813282
Gyroscope,3301151,-0.10143315,-0.33119738,-0.83413535
LinearAcceleration,3301152,-0.28206688,-0.32441434,1.3007997
Gyroscope,3301171,-0.44764408,-0.4025701,-0.8501143
LinearAcceleration,3301172,-0.9947908,-0.030376434,1.571943
Gyroscope,3301191,-0.6628275,-0.36741635,-0.72121733
LinearAcceleration,3301192,-0.8722376,0.9021651,1.2481272
Gyroscope,3301211,-0.7139602,-0.32054472,-0.5379918
LinearAcceleration,3301213,-0.88151515,0.6784569,1.1055226
Gyroscope,3301231,-0.54671365,-0.23532356,-0.2663494
LinearAcceleration,3301232,-0.65795654,-0.4091092,0.9807249
Gyroscope,3301251,-0.3027681,-0.17353824,-0.052231245
LinearAcceleration,3301252,-0.35269585,-1.1947067,0.6295254
Gyroscope,3301271,-0.064148895,-0.15223294,0.059621517
LinearAcceleration,3301272,-0.18614918,-1.4785691,0.2240075
Gyroscope,3301291,0.19790615,-0.14477609,0.15336479
LinearAcceleration,3301292,-0.04997896,-2.125303,-0.058957215
Gyroscope,3301311,0.42906854,-0.14584136,0.20556274
LinearAcceleration,3301313,0.065242,-2.586486,-0.27263972
Gyroscope,3301332,0.5771403,-0.17566876,0.1831922
LinearAcceleration,3301333,0.07347207,-2.4365492,-0.43843818
Gyroscope,3301351,0.68366677,-0.2225404,0.13738582
LinearAcceleration,3301352,0.10399814,-2.4025815,-0.40656537
Gyroscope,3301371,0.741191,-0.27154255,0.10116683
LinearAcceleration,3301372,0.15532383,-2.4220343,-0.27967268
Gyroscope,3301391,0.74651736,-0.32160997,0.09370998
LinearAcceleration,3301393,0.41015667,-2.5143607,-0.040402155
Gyroscope,3301411,0.6815362,-0.39724377,0.107558414
LinearAcceleration,3301412,0.71811086,-1.8936639,0.040851068
