Gyroscope,409342808,0.06704508,0.05422862,0.031125695
LinearAcceleration,409342809,-0.1050456,-0.14844051,-0.26156655
Gyroscope,409342809,0.04787032,0.06701179,0.025799373
LinearAcceleration,409342809,-0.07811083,-0.13497312,-0.32007483
Gyroscope,409342810,0.038282942,0.075533904,0.019407786
LinearAcceleration,409342810,0.013018472,-0.16086042,-0.27847558
Gyroscope,409342810,0.020173445,0.08192549,0.026864637
LinearAcceleration,409342811,0.07182605,-0.3019687,-0.19407998
Gyroscope,409342811,-0.010719223,0.08086023,0.036452018
LinearAcceleration,409342811,0.22191256,-0.3624223,-0.10534488
Gyroscope,409342812,-0.05546033,0.064881265,0.030060431
LinearAcceleration,409342812,0.27428573,-0.16160862,-0.1038485
Gyroscope,409342812,-0.09061406,-0.12260528,-0.050899666
LinearAcceleration,409342813,-0.022445641,0.037708677,0.10040683
Gyroscope,409342813,-0.07463509,-0.10343052,-0.037051227
LinearAcceleration,409342813,0.026635494,-0.14873978,0.20051439
Gyroscope,409342814,-0.005392901,-0.025666215,0.018342521
LinearAcceleration,409342814,-0.077213004,-0.079457566,0.27503392
Gyroscope,409342814,0.009520801,-0.001165133,0.023668844
LinearAcceleration,409342815,-0.09711481,-0.12389994,0.23373394
Gyroscope,409342819,0.016977651,0.025466477,0.030060431
LinearAcceleration,409342819,-0.06539164,-0.11746552,0.2160767
Gyroscope,409342839,0.025499767,0.048902296,0.035386752
LinearAcceleration,409342839,-0.10130466,-0.051475335,0.13467385
Gyroscope,409342859,0.038282942,0.07340337,0.036452018
LinearAcceleration,409342859,-0.11372458,-0.13841479,0.12360066
Gyroscope,409342880,0.042544,0.10110025,0.036452018
LinearAcceleration,409342881,-0.13227965,-0.22954409,0.05117606
Gyroscope,409342900,0.03295662,0.1415803,0.036452018
LinearAcceleration,409342902,-0.15307927,-0.20919338,0.002244564
Gyroscope,409342920,0.024434503,0.19377826,0.0460394
LinearAcceleration,409342921,-0.09142858,-0.23283611,0.038307227
Gyroscope,409342941,0.012716594,0.24384569,0.0460394
LinearAcceleration,409342942,0.047584757,-0.1925836,0.0966659
Gyroscope,409342960,0.0020639498,0.27899942,0.034321487
LinearAcceleration,409342961,0.1563713,-0.2753332,0.11312603
Gyroscope,409342980,-0.0043276367,0.28752154,0.009820406
LinearAcceleration,409342982,0.3453636,-0.5446809,0.2220622
Gyroscope,409343000,-0.0384161,0.26621625,-0.029594377
LinearAcceleration,409343001,0.4770447,-0.39145198,0.19826983
Gyroscope,409343020,-0.083157204,0.23851937,-0.028529113
LinearAcceleration,409343022,0.55829793,-0.17642274,0.21218613
Gyroscope,409343040,-0.100201435,0.20336564,0.008755142
LinearAcceleration,409343042,0.63655835,-0.30107087,0.29538465
Gyroscope,409343060,-0.12896357,0.15116768,0.0055593485
LinearAcceleration,409343061,0.51325697,-0.15801731,0.23014264
Gyroscope,409343080,-0.13642043,0.10536131,-0.00615856
LinearAcceleration,409343082,0.35194764,-0.012120646,0.20934302
Gyroscope,409343100,-0.12044146,0.075533904,-0.0050932956
LinearAcceleration,409343101,0.23148938,-0.087687634,0.22445641
Gyroscope,409343120,-0.11191934,0.05955494,-0.0072238245
LinearAcceleration,409343122,0.14110826,-0.080505036,0.21054012
Gyroscope,409343140,-0.10765829,0.046771765,-0.01574594
LinearAcceleration,409343141,0.04623802,-0.0175076,0.13392566
Gyroscope,409343160,-0.095940374,0.043575972,-0.024268055
LinearAcceleration,409343161,0.0053869537,0.13003507,0.06808511
Gyroscope,409343180,-0.0682435,0.04783703,-0.022137526
LinearAcceleration,409343182,0.015263036,-0.08245032,0.08604162
Gyroscope,409343200,-0.058656123,0.048902296,-0.033855435
LinearAcceleration,409343202,-0.05566519,0.029927522,0.05940613
Gyroscope,409343221,-0.04906874,0.058489677,-0.035985965
LinearAcceleration,409343222,-0.084096335,0.06748656,8.9782564E-4
Gyroscope,409343240,-0.026698189,0.07020758,-0.031724907
LinearAcceleration,409343242,-0.114173494,-0.049530048,-0.0034416649
Gyroscope,409343260,-0.020306604,0.08086023,-0.037051227
LinearAcceleration,409343261,-0.1604115,-0.02932897,-0.08783727
Gyroscope,409343281,-0.018176075,0.09896972,-0.033855435
LinearAcceleration,409343287,-0.16968904,-0.063296705,-0.11432313
Gyroscope,409343299,-0.021371868,0.11707922,-0.02320279
LinearAcceleration,409343300,-0.16519992,-0.13242929,-0.14200608
Gyroscope,409343319,-0.03415504,0.13625398,-0.021072261
LinearAcceleration,409343319,-0.2515408,-0.0035913025,-0.24929625
Gyroscope,409343339,-0.037350833,0.16395086,-0.011484882
LinearAcceleration,409343339,-0.21024084,0.0026934769,-0.22849663
Gyroscope,409343359,-0.0384161,0.19058247,-0.004028031
LinearAcceleration,409343359,-0.18136078,0.13108255,-0.3131915
Gyroscope,409343379,-0.027763454,0.20443091,0.0055593485
LinearAcceleration,409343379,-0.057161566,-0.093373865,-0.23582886
Gyroscope,409343401,-0.035220306,0.2076267,0.036452018
LinearAcceleration,409343402,0.08424597,-0.43035775,-0.07152677
Gyroscope,409343421,-0.09380985,0.19697405,0.059887834
LinearAcceleration,409343422,0.026186582,-0.24735096,-0.121655375
Gyroscope,409343441,-0.13535516,0.18632141,0.048169926
LinearAcceleration,409343442,-0.16175826,0.30301616,-0.538845
Gyroscope,409343461,-0.09700564,0.20549616,0.0609531
LinearAcceleration,409343462,-0.08903438,0.044292733,-0.4628291
Gyroscope,409343481,-0.058656123,0.22680146,0.090780504
LinearAcceleration,409343482,0.19482817,-0.7532757,-0.08065467
Gyroscope,409343501,-0.14068149,0.21721408,0.062018365
LinearAcceleration,409343502,0.32830492,-0.4345476,-0.0688333
Gyroscope,409343521,-0.2184458,0.20336564,0.042843603
LinearAcceleration,409343522,0.39489365,-0.06868366,-0.17208324
Gyroscope,409343541,-0.2269679,0.18525614,0.052430984
LinearAcceleration,409343542,0.56772506,-0.24959552,-0.023493104
Gyroscope,409343561,-0.24401213,0.15116768,0.052430984
LinearAcceleration,409343562,0.74295074,-0.38037878,0.27278936
Gyroscope,409343580,-0.28023112,0.090447605,0.014081464
LinearAcceleration,409343582,0.7306804,-0.46507367,0.46492404
Gyroscope,409343601,-0.32071117,0.016944362,-0.045573343
LinearAcceleration,409343602,0.54019177,-0.26800096,0.5880758
Gyroscope,409343621,-0.34201646,-0.036318857,-0.089249186
LinearAcceleration,409343622,0.23133974,0.22325931,0.40566754
Gyroscope,409343641,-0.29834062,-0.05123256,-0.10522815
LinearAcceleration,409343642,-0.041748893,0.5940613,0.18974048
Gyroscope,409343661,-0.20779315,-0.032057803,-0.09883656
LinearAcceleration,409343662,-0.20739773,0.4786907,0.13946225
Gyroscope,409343681,-0.1278983,0.0030959249,-0.102032356
LinearAcceleration,409343682,-0.28999767,0.18839374,0.12539631
Gyroscope,409343701,-0.086353,0.04996756,-0.10842395
LinearAcceleration,409343702,-0.25662848,0.22924481,-0.061501056
Gyroscope,409343721,-0.0384161,0.11068763,-0.09031445
LinearAcceleration,409343722,-0.09995792,0.019303251,-0.11791443
Gyroscope,409343741,-0.0064581656,0.16395086,-0.0498344
LinearAcceleration,409343742,0.19901802,-0.4575918,0.13093291
Gyroscope,409343761,-0.04800348,0.18845193,-0.031724907
LinearAcceleration,409343762,0.46342766,-0.61605805,0.35838208
Gyroscope,409343781,-0.1193762,0.17353824,-0.055160724
LinearAcceleration,409343782,0.5400421,-0.27682957,0.33533788
Gyroscope,409343801,-0.14387728,0.13731924,-0.100967094
LinearAcceleration,409343802,0.490961,0.16639702,0.2009633
Gyroscope,409343820,-0.10765829,0.10216552,-0.1307945
LinearAcceleration,409343822,0.38621467,0.35000235,0.05865794
Gyroscope,409343841,-0.046938214,0.0787297,-0.14783873
LinearAcceleration,409343842,0.26800096,0.35479078,-0.056563016
Gyroscope,409343860,0.007390272,0.07020758,-0.15316506
LinearAcceleration,409343861,0.20380642,0.1894412,-0.0966659
Gyroscope,409343881,0.03295662,0.06594653,-0.15423031
LinearAcceleration,409343882,0.13347675,-0.088136554,-0.10534488
Gyroscope,409343901,0.024434503,0.06168547,-0.16275243
LinearAcceleration,409343902,0.03187281,-0.101454295,-0.20006548
Gyroscope,409343921,0.014847123,0.05955494,-0.17127454
LinearAcceleration,409343922,-0.06838439,-0.05701193,-0.33533788
Gyroscope,409343941,0.016977651,0.064881265,-0.16914402
LinearAcceleration,409343942,-0.10908581,-0.21143794,-0.32965165
Gyroscope,409343960,0.010586065,0.08086023,-0.14677346
LinearAcceleration,409343962,-0.07751228,-0.50353056,-0.14589667
Gyroscope,409343981,-0.036285568,0.09790446,-0.12653343
LinearAcceleration,409343982,-0.03546411,-0.6537667,0.01316811
Gyroscope,409344001,-0.115115136,0.10429604,-0.12120712
LinearAcceleration,409344002,0.058508303,-0.09292495,0.038905777
Gyroscope,409344021,-0.13428989,0.093643405,-0.0828576
LinearAcceleration,409344022,0.21682489,0.26036942,0.07571663
Gyroscope,409344041,-0.102331966,0.052098088,-0.022137526
LinearAcceleration,409344042,0.2861071,0.16564883,0.115370594
Gyroscope,409344060,-0.08209194,-0.0032956619,0.030060431
LinearAcceleration,409344062,0.06628946,0.25722703,-0.034865562
Gyroscope,409344081,-0.057590857,-0.032057803,0.07267101
LinearAcceleration,409344082,-0.19587563,0.12434885,-0.28326398
Gyroscope,409344101,-0.020306604,-0.024600951,0.0939763
LinearAcceleration,409344102,-0.2688988,-0.19108722,-0.30705637
Gyroscope,409344121,-0.0064581656,-0.0064914552,0.074801534
LinearAcceleration,409344122,-0.25528175,-0.7110779,-0.2551321
Gyroscope,409344141,-0.04800348,0.010552776,0.02047305
LinearAcceleration,409344142,-0.30181906,-1.0577883,-0.26785132
Gyroscope,409344161,-0.13855095,0.036119122,-0.046638608
LinearAcceleration,409344162,-0.32770637,-0.8249521,-0.25408465
Gyroscope,409344181,-0.20353208,0.07127285,-0.07540075
LinearAcceleration,409344182,-0.31304187,-0.88166475,-0.22625206
Gyroscope,409344201,-0.27703533,0.11494869,-0.09564077
LinearAcceleration,409344202,-0.29433718,-0.75148004,-0.1770213
Gyroscope,409344221,-0.3462775,0.16927718,-0.10416289
LinearAcceleration,409344222,-0.16026187,-0.75252753,0.0035913025
Gyroscope,409344241,-0.41658497,0.20443091,-0.13825135
LinearAcceleration,409344242,-0.09247604,-0.74878657,0.15233108
Gyroscope,409344261,-0.47943556,0.22360566,-0.19151457
LinearAcceleration,409344262,0.04444237,-0.56323594,0.3321955
Gyroscope,409344281,-0.5145893,0.23212777,-0.22453777
LinearAcceleration,409344282,0.15981296,-0.48048636,0.4830302
Gyroscope,409344301,-0.529503,0.22467093,-0.25543043
LinearAcceleration,409344302,0.18210897,-0.37708676,0.52043957
Gyroscope,409344321,-0.5231114,0.20656143,-0.27780098
LinearAcceleration,409344322,0.20081367,-0.34970307,0.6422446
Gyroscope,409344341,-0.5167198,0.18206035,-0.27673572
LinearAcceleration,409344342,0.26396075,-0.39205053,0.8285434
Gyroscope,409344361,-0.51991564,0.15010242,-0.25862622
LinearAcceleration,409344362,0.29583356,-0.35898063,0.8880992
Gyroscope,409344381,-0.5081977,0.10536131,-0.25329992
LinearAcceleration,409344382,0.12210429,-0.25932196,0.7338228
Gyroscope,409344401,-0.46878293,0.075533904,-0.24584305
LinearAcceleration,409344402,0.0013467384,-0.17911622,0.75252753
Gyroscope,409344421,-0.42830288,0.06701179,-0.21601565
LinearAcceleration,409344422,0.01810615,-0.3434183,0.935235
Gyroscope,409344442,-0.41019338,0.06807706,-0.18512298
LinearAcceleration,409344443,0.09861118,-0.3561375,1.208174
Gyroscope,409344461,-0.3974102,0.04783703,-0.18405771
LinearAcceleration,409344462,0.1755249,-0.41569328,1.4818612
Gyroscope,409344481,-0.37717018,-0.012883042,-0.23732094
LinearAcceleration,409344482,0.09487024,-0.12434885,1.484854
Gyroscope,409344501,-0.32390696,-0.07892944,-0.29484522
LinearAcceleration,409344502,-0.12704232,0.39100307,1.328782
Gyroscope,409344521,-0.20459735,-0.12047475,-0.27460518
LinearAcceleration,409344522,-0.27398646,0.272939,1.3833997
Gyroscope,409344541,-0.100201435,-0.1428453,-0.23945147
LinearAcceleration,409344542,-0.4487632,-0.048931498,1.2939163
Gyroscope,409344561,-0.04800348,-0.15669374,-0.22027671
LinearAcceleration,409344562,-0.6811504,-0.004638766,1.1770494
Gyroscope,409344581,-0.039481364,-0.1545632,-0.20642827
LinearAcceleration,409344582,-0.97548753,0.27862522,0.985214
Gyroscope,409344601,-0.029893983,-0.117278956,-0.16701348
LinearAcceleration,409344602,-1.2636896,0.60333884,0.6645406
Gyroscope,409344621,0.009520801,-0.046971504,-0.09137972
LinearAcceleration,409344622,-1.3503298,0.7914333,0.39683893
Gyroscope,409344641,0.058522966,0.04783703,0.018342521
LinearAcceleration,409344642,-1.3138182,0.55710083,0.20724809
Gyroscope,409344661,0.08515458,0.14584136,0.13765214
LinearAcceleration,409344662,-1.149965,0.22146365,0.033967737
Gyroscope,409344681,0.07343667,0.2374541,0.24843964
LinearAcceleration,409344682,-0.88989484,0.27802667,-0.15248072
Gyroscope,409344701,0.08089352,0.31841418,0.36987978
LinearAcceleration,409344702,-0.53091425,0.4185364,-0.09696517
Gyroscope,409344721,0.109655656,0.3599595,0.45829672
LinearAcceleration,409344722,-0.2021604,0.25333646,-0.059855044
Gyroscope,409344741,0.121373564,0.34398055,0.46149254
LinearAcceleration,409344742,-0.021697452,0.05805939,-0.03606266
Gyroscope,409344761,0.135222,0.29817417,0.43379566
LinearAcceleration,409344762,-0.011372458,0.040102877,-0.13422494
Gyroscope,409344781,0.14800517,0.26941204,0.44870934
LinearAcceleration,409344782,-0.024690205,-0.050128598,-0.31573534
Gyroscope,409344801,0.15759255,0.26834676,0.49238518
LinearAcceleration,409344802,-0.13557167,0.0016460137,-0.5174468
Gyroscope,409344821,0.17144099,0.31308788,0.56482315
LinearAcceleration,409344822,-0.055365913,0.0073322426,-0.40102878
Gyroscope,409344841,0.19274628,0.37487322,0.65217483
LinearAcceleration,409344842,0.3131915,-0.5354034,0.059705406
Gyroscope,409344861,0.15865782,0.3833953,0.6383264
LinearAcceleration,409344862,0.48482585,-0.35419223,0.16265608
Gyroscope,409344881,0.13202621,0.36102477,0.57228005
LinearAcceleration,409344882,0.4201824,0.46507367,-0.020799628
Gyroscope,409344901,0.18102838,0.35037214,0.54032207
LinearAcceleration,409344902,0.39264908,0.82106155,-0.061650693
Gyroscope,409344922,0.2758369,0.35463318,0.5286042
LinearAcceleration,409344923,0.42227733,0.62339026,-0.16714521
Gyroscope,409344942,0.34614435,0.3663511,0.5339305
LinearAcceleration,409344943,0.4405331,0.16594811,-0.08200141
Gyroscope,409344961,0.35786226,0.378069,0.5275389
LinearAcceleration,409344962,0.42122987,-0.2605191,-0.09561843
Gyroscope,409344981,0.31951275,0.38872164,0.49984205
LinearAcceleration,409344982,0.45385087,-0.26066872,-0.2503437
Gyroscope,409345001,0.2971422,0.39404798,0.47107992
LinearAcceleration,409345002,0.5505167,-0.1894412,-0.4149451
Gyroscope,409345021,0.29181588,0.3876564,0.44551355
LinearAcceleration,409345022,0.72798693,-0.30151978,-0.4127005
Gyroscope,409345043,0.27264112,0.3631553,0.41035983
LinearAcceleration,409345061,0.8536825,-0.4055179,-0.36750996
Gyroscope,409345062,0.2428137,0.32267526,0.37201032
LinearAcceleration,409345063,0.9759365,-0.4837784,-0.40955812
Gyroscope,409345083,0.20659472,0.26834676,0.3219429
LinearAcceleration,409345084,0.9641151,-0.3552397,-0.43394905
Gyroscope,409345736,0.1831589,0.2108225,0.27613652
LinearAcceleration,409345736,0.98790747,-0.45310268,-0.26426002
Gyroscope,409345737,0.14161359,0.15223294,0.23885226
LinearAcceleration,409345737,0.9769839,-0.5918167,-0.094570965
Gyroscope,409345737,0.0723714,0.09577393,0.19198063
LinearAcceleration,409345738,0.9322423,-0.50278234,0.02184709
Gyroscope,409345738,0.01165133,0.03824965,0.13126054
LinearAcceleration,409345738,0.78649527,-0.08888474,-0.103698865
Gyroscope,409345738,9.986854E-4,-0.0075567197,0.08545418
LinearAcceleration,409345739,0.6474819,0.28760347,-0.13347675
Gyroscope,409345739,0.034021884,-0.04164518,0.057757307
LinearAcceleration,409345739,0.50637364,0.37544075,-0.032770637
Gyroscope,409345740,0.1863547,-0.20036958,-0.15103452
LinearAcceleration,409345740,0.26351184,0.28116906,-0.50472766
Gyroscope,409345740,0.08408931,0.033988595,-0.040247023
LinearAcceleration,409345741,-0.0815525,0.22475569,-1.3471874
Gyroscope,409345742,0.037217677,0.026531743,-0.043442816
LinearAcceleration,409345742,-0.022595279,0.22011691,-1.289128
Gyroscope,409345743,-0.00752343,0.015879098,-0.037051227
LinearAcceleration,409345743,-0.02439093,0.18749592,-1.1710639
Gyroscope,409345760,-0.052264538,0.0041611893,-0.021072261
LinearAcceleration,409345760,-0.04504092,0.16490065,-0.981922
Gyroscope,409345780,-0.09913617,9.653959E-4,-0.0050932956
LinearAcceleration,409345780,-0.093373865,0.4421791,-0.89303726
Gyroscope,409345799,-0.10978881,0.0020306604,0.0055593485
LinearAcceleration,409345800,-0.03696049,0.41359833,-0.76764095
Gyroscope,409345820,-0.11085408,-0.0075567197,-0.017876469
LinearAcceleration,409345820,0.020799628,0.6203975,-0.6642413
Gyroscope,409345840,-0.100201435,-0.021405157,-0.027463848
LinearAcceleration,409345840,0.08798691,0.67785835,-0.47405192
Gyroscope,409345861,-0.06504771,-0.036318857,0.0044940845
LinearAcceleration,409345862,0.29149407,0.054468088,-0.07631518
Gyroscope,409345881,-0.07783088,-0.087451555,-0.0050932956
LinearAcceleration,409345882,0.33533788,0.11462241,0.038606502
Gyroscope,409345901,-0.100201435,-0.1609548,-0.09031445
LinearAcceleration,409345902,-0.06254852,1.1170447,-0.4842273
Gyroscope,409345921,-0.0064581656,-0.18226008,-0.0977713
LinearAcceleration,409345922,-0.2629133,1.1025299,-0.64359134
Gyroscope,409345941,0.093676694,-0.16947691,-0.0647481
LinearAcceleration,409345942,-0.17043723,0.21203649,-0.41210195
Gyroscope,409345961,0.090480894,-0.16734639,-0.058356516
LinearAcceleration,409345962,-0.130484,-0.31768063,-0.27787703
Gyroscope,409345981,0.024434503,-0.18119483,-0.07966181
LinearAcceleration,409345982,-0.20754737,-0.22176293,-0.3470096
Gyroscope,409346001,-0.033089776,-0.1907822,-0.103097625
LinearAcceleration,409346002,-0.3532944,0.28311434,-0.5645827
Gyroscope,409346021,-0.033089776,-0.18012956,-0.102032356
LinearAcceleration,409346022,-0.4127005,0.5786486,-0.755221
Gyroscope,409346041,0.0041944785,-0.1609548,-0.08072707
LinearAcceleration,409346042,-0.37379473,0.45459905,-0.7652467
Gyroscope,409346061,0.035087146,-0.14178003,-0.05196493
LinearAcceleration,409346062,-0.28924948,0.09591771,-0.6379051
Gyroscope,409346081,0.024434503,-0.13645372,-0.033855435
LinearAcceleration,409346082,-0.22894554,-0.047135845,-0.5451298
Gyroscope,409346101,-0.012849752,-0.13964951,-0.030659642
LinearAcceleration,409346102,-0.24091655,0.18734628,-0.59032035
Gyroscope,409346121,-0.028828718,-0.13645372,-0.01574594
LinearAcceleration,409346122,-0.2789245,0.3441665,-0.6414964
Gyroscope,409346141,-0.035220306,-0.12154001,0.010885671
LinearAcceleration,409346142,-0.21936873,0.32396543,-0.62009823
Gyroscope,409346161,-0.044807684,-0.101299986,0.044974133
LinearAcceleration,409346162,-0.09202713,0.28326398,-0.5858312
Gyroscope,409346181,-0.054395065,-0.08851682,0.07799733
LinearAcceleration,409346182,0.029628245,0.15846622,-0.5080197
Gyroscope,409346202,-0.069308765,-0.086386286,0.08758471
LinearAcceleration,409346203,0.011522096,0.2928408,-0.52178633
Gyroscope,409346221,-0.071439296,-0.08212523,0.08012786
LinearAcceleration,409346222,0.017956512,0.4189853,-0.44472298
Gyroscope,409346241,-0.06078665,-0.071472585,0.055626776
LinearAcceleration,409346242,-0.007930793,0.54976857,-0.4436755
Gyroscope,409346261,-0.03202451,-0.057624146,0.024734108
LinearAcceleration,409346262,0.0070329676,0.57041854,-0.44262803
Gyroscope,409346281,0.0041944785,-0.04590624,-0.010419617
LinearAcceleration,409346282,-0.025288755,0.5988497,-0.52627546
Gyroscope,409346301,0.044674527,-0.032057803,-0.037051227
LinearAcceleration,409346302,-0.0163105,0.50712186,-0.52418053
Gyroscope,409346321,0.07024087,-0.019274628,-0.04450808
LinearAcceleration,409346322,-0.009576807,0.3438672,-0.46133274
Gyroscope,409346341,0.0723714,-0.017144099,-0.05622599
LinearAcceleration,409346342,0.0163105,0.1726818,-0.4233248
Gyroscope,409346361,0.056392435,-0.022470422,-0.07966181
LinearAcceleration,409346362,-0.054168813,0.3820248,-0.51550156
Gyroscope,409346381,0.06704508,-0.015013571,-0.05942178
LinearAcceleration,409346382,0.0019452889,0.41449618,-0.52298343
Gyroscope,409346401,0.08302405,-0.008621984,-0.028529113
LinearAcceleration,409346402,-0.0026934769,0.2650082,-0.49530047
Gyroscope,409346421,0.08089352,-0.0075567197,-0.022137526
LinearAcceleration,409346422,-0.03127426,0.4305074,-0.5125088
Gyroscope,409346441,0.09580722,-0.0043609263,-0.011484882
LinearAcceleration,409346442,0.058508303,0.35868135,-0.4676175
Gyroscope,409346462,0.108590394,-0.0118177775,-0.01574594
LinearAcceleration,409346463,0.047884032,0.22864626,-0.50622404
Gyroscope,409346480,0.11391672,-0.023535686,-0.030659642
LinearAcceleration,409346481,0.043394905,0.2650082,-0.547524
Gyroscope,409346500,0.11817777,-0.033123065,-0.028529113
LinearAcceleration,409346500,0.08080431,0.14215572,-0.4813842
Gyroscope,409346520,0.10113354,-0.04377571,-0.018941734
LinearAcceleration,409346520,0.062099606,0.04623802,-0.43769
Gyroscope,409346540,0.07343667,-0.052297827,-0.01574594
LinearAcceleration,409346540,4.4891282E-4,0.025887307,-0.4854244
Gyroscope,409346560,0.048935585,-0.05336309,-0.027463848
LinearAcceleration,409346560,-0.10100538,0.21742344,-0.5858312
Gyroscope,409346581,0.052131377,-0.042710446,-0.024268055
LinearAcceleration,409346583,-0.0851438,0.1261445,-0.53106385
Gyroscope,409346601,0.042544,-0.03418833,-0.027463848
LinearAcceleration,409346603,-0.07392098,0.12719196,-0.4930559
Gyroscope,409346621,0.029760825,-0.030992538,-0.03279017
LinearAcceleration,409346622,-0.089782566,0.19363107,-0.5041291
Gyroscope,409346641,0.025499767,-0.029927272,-0.033855435
LinearAcceleration,409346642,-0.092176765,0.25977087,-0.5395932
Gyroscope,409346661,0.031891353,-0.027796743,-0.028529113
LinearAcceleration,409346663,-0.091578215,0.25857377,-0.51116204
Gyroscope,409346682,0.035087146,-0.025666215,-0.011484882
LinearAcceleration,409346683,-0.10414778,0.15831658,-0.41913494
Gyroscope,409346701,0.018042916,-0.025666215,-0.009354353
LinearAcceleration,409346701,-0.14110826,0.27084407,-0.43379942
Gyroscope,409346720,0.007390272,-0.021405157,-0.014680675
LinearAcceleration,409346720,-0.17238252,0.38277298,-0.50996494
Gyroscope,409346740,0.026565032,-0.001165133,0.009820406
LinearAcceleration,409346740,-0.093972415,0.2705448,-0.4559458
Gyroscope,409346760,0.037217677,0.018009627,0.034321487
LinearAcceleration,409346760,-0.058508303,0.104895964,-0.44651863
Gyroscope,409346781,0.035087146,0.03292333,0.036452018
LinearAcceleration,409346782,-0.02873042,-0.02439093,-0.40491936
Gyroscope,409346802,0.021238709,0.042510707,0.027929902
LinearAcceleration,409346803,0.11148002,-0.12000936,-0.23582886
Gyroscope,409346821,-0.012849752,0.03292333,0.0044940845
LinearAcceleration,409346823,0.17522563,0.02932897,-0.2582745
Gyroscope,409346841,-0.037350833,0.01907489,-0.01574594
LinearAcceleration,409346843,0.11148002,0.41868603,-0.41195232
Gyroscope,409346861,-0.0064581656,0.012683305,-0.004028031
LinearAcceleration,409346863,0.07751228,0.30810383,-0.43065703
Gyroscope,409346881,0.023369238,0.0041611893,-0.0029627667
LinearAcceleration,409346882,-7.48188E-4,0.1249474,-0.39773676
Gyroscope,409346901,0.025499767,0.0073569827,-0.00615856
LinearAcceleration,409346902,-0.055365913,-0.050876785,-0.33039984
Gyroscope,409346921,0.0031292143,0.014813834,-0.01574594
LinearAcceleration,409346922,-0.09068039,-0.004040215,-0.3564368
Gyroscope,409346941,-0.012849752,0.0307928,-0.018941734
LinearAcceleration,409346943,-0.06748656,0.019452889,-0.3556886
Gyroscope,409346961,-0.019241339,0.04783703,-0.018941734
LinearAcceleration,409346962,-0.018704701,-0.034715924,-0.32396543
Gyroscope,409346981,-0.036285568,0.056359146,-0.021072261
LinearAcceleration,409346983,0.053420626,-0.057760116,-0.25812486
Gyroscope,409347001,-0.056525595,0.05742441,-0.022137526
LinearAcceleration,409347002,0.13003507,-0.12075755,-0.10010756
Gyroscope,409347021,-0.08848353,0.041445445,-0.03279017
LinearAcceleration,409347022,0.13991116,0.036661215,-0.037708677
Gyroscope,409347041,-0.10765829,0.016944362,-0.047703873
LinearAcceleration,409347043,0.07032967,0.3429694,-0.09142858
Gyroscope,409347061,-0.07889615,-0.001165133,-0.05196493
LinearAcceleration,409347063,-0.018255789,0.41704002,-0.11971009
Gyroscope,409347081,-0.030959247,-0.008621984,-0.0498344
LinearAcceleration,409347082,-0.08604162,0.4643255,-0.13198037
Gyroscope,409347101,0.008455536,-0.0118177775,-0.050899666
LinearAcceleration,409347103,-0.21308395,0.3788824,-0.12779051
Gyroscope,409347121,0.039348204,-0.008621984,-0.050899666
LinearAcceleration,409347123,-0.3230676,0.18315643,-0.18989012
Gyroscope,409347142,0.06278402,0.014813834,-0.03279017
LinearAcceleration,409347143,-0.35987845,0.009127894,-0.197372
Gyroscope,409347161,0.06704508,0.05422862,-8.322378E-4
LinearAcceleration,409347163,-0.31947628,-0.32875383,-0.13482349
Gyroscope,409347181,0.03295662,0.0787297,-0.016811205
LinearAcceleration,409347182,-0.40581718,-0.3354875,-0.15457565
Gyroscope,409347202,0.005259743,0.106426574,-0.037051227
LinearAcceleration,409347203,-0.40117842,-0.27548283,-0.14290391
Gyroscope,409347222,-0.0096539585,0.14371082,-0.021072261
LinearAcceleration,409347223,-0.26844987,-0.43709144,0.022894554
Gyroscope,409347242,-0.057590857,0.17247297,0.0023635554
LinearAcceleration,409347243,-0.17492636,-0.5137059,0.21083939
Gyroscope,409347261,-0.112984605,0.18312562,0.010885671
LinearAcceleration,409347263,-0.11776479,-0.32321724,0.24720132
Gyroscope,409347281,-0.14387728,0.1714077,-0.004028031
LinearAcceleration,409347283,-0.08140286,0.09412205,0.26231474
Gyroscope,409347301,-0.12576778,0.15223294,-0.00615856
LinearAcceleration,409347303,-0.14170681,0.538845,0.117016606
Gyroscope,409347321,-0.069308765,0.14797188,0.024734108
LinearAcceleration,409347322,-0.25737667,0.6979098,-0.025139118
Gyroscope,409347341,0.010586065,0.1682119,0.07799733
LinearAcceleration,409347343,-0.26276365,0.32635963,0.010175358
Gyroscope,409347361,0.052131377,0.19484352,0.103563674
LinearAcceleration,409347363,-0.24301147,0.05865794,-0.029777884
Gyroscope,409347382,0.060653493,0.23212777,0.12486897
LinearAcceleration,409347383,-0.16654666,-0.16579847,0.02873042
Gyroscope,409347401,0.04360926,0.2704773,0.14510898
LinearAcceleration,409347402,-0.011073183,-0.30556,0.07826047
Gyroscope,409347422,0.013781859,0.3003047,0.1536311
LinearAcceleration,409347423,0.12943652,-0.18195933,0.108936176
Gyroscope,409347442,0.0063250074,0.3152184,0.14084794
LinearAcceleration,409347443,0.21173722,-0.032920275,0.14544775
Gyroscope,409347461,0.020173445,0.31628367,0.106759466
LinearAcceleration,409347463,0.28161797,0.12090719,0.14859015
Gyroscope,409347481,0.053196643,0.30456576,0.07799733
LinearAcceleration,409347482,0.30660746,0.095768064,0.1830068
Gyroscope,409347502,0.0723714,0.28645626,0.038582545
LinearAcceleration,409347503,0.20844519,0.32830492,0.07317279
Gyroscope,409347521,0.11285145,0.27899942,0.024734108
LinearAcceleration,409347523,0.15487492,0.30511108,0.04249708
Gyroscope,409347542,0.1533315,0.27686888,0.0076898774
LinearAcceleration,409347543,0.09816227,0.19273324,-0.038307227
Gyroscope,409347561,0.17676732,0.27899942,-0.024268055
LinearAcceleration,409347562,0.034117375,0.25917232,-0.09412205
Gyroscope,409347582,0.1863547,0.2917826,-0.047703873
LinearAcceleration,409347583,-0.017806875,0.24420857,-0.13183074
Gyroscope,409347602,0.1831589,0.31415313,-0.07113969
LinearAcceleration,409347603,-0.022744916,0.34715924,-0.18570027
Gyroscope,409347622,0.20020314,0.34078476,-0.09457551
LinearAcceleration,409347623,-0.06239888,0.4177882,-0.24181437
Gyroscope,409347642,0.24387898,0.36848164,-0.11161974
LinearAcceleration,409347643,-0.020051438,0.4528034,-0.30496144
Gyroscope,409347662,0.29607692,0.39191744,-0.10735868
LinearAcceleration,409347663,0.078410104,0.26560676,-0.2688988
Gyroscope,409347682,0.320578,0.3993743,-0.09670603
LinearAcceleration,409347683,0.15442601,0.046986207,-0.25692776
Gyroscope,409347703,0.30779484,0.3929827,-0.09990183
LinearAcceleration,409347704,0.13108255,0.064493805,-0.2534861
Gyroscope,409347722,0.29607692,0.38552585,-0.10842395
LinearAcceleration,409347723,0.12629414,0.111779295,-0.4026748
Gyroscope,409347742,0.3120559,0.378069,-0.103097625
LinearAcceleration,409347743,0.16071078,0.041748893,-0.3585317
Gyroscope,409347762,0.31951275,0.3631553,-0.102032356
LinearAcceleration,409347763,0.12240356,-0.22729953,-0.24899697
Gyroscope,409347782,0.29075062,0.3514374,-0.11907659
LinearAcceleration,409347783,-0.050128598,-0.1563713,-0.30750528
Gyroscope,409347802,0.25346637,0.37274268,-0.13292503
LinearAcceleration,409347803,-0.20305823,0.077811554,-0.43275195
Gyroscope,409347822,0.25027058,0.41215748,-0.12972923
LinearAcceleration,409347823,-0.03935469,-0.008379706,-0.36586395
Gyroscope,409347842,0.24814004,0.4260059,-0.13612083
LinearAcceleration,409347843,0.17717093,0.08185177,-0.18315643
Gyroscope,409347862,0.24707477,0.40896168,-0.13292503
LinearAcceleration,409347863,0.17582418,0.051026423,-0.13078327
Gyroscope,409347882,0.23961791,0.39191744,-0.11481553
LinearAcceleration,409347883,-0.033518825,-0.0851438,-0.18719664
Gyroscope,409347902,0.21405157,0.40363535,-0.11161974
LinearAcceleration,409347903,-0.20066403,0.23253684,-0.3230676
Gyroscope,409347922,0.23003054,0.43665856,-0.08072707
LinearAcceleration,409347923,-0.02184709,0.36152446,-0.15816694
Gyroscope,409347942,0.26198846,0.44624594,-0.035985965
LinearAcceleration,409347943,0.18076223,0.090979666,-0.013916298
Gyroscope,409347962,0.264119,0.41641852,-0.021072261
LinearAcceleration,409347963,0.15711948,0.005087679,-0.0175076
Gyroscope,409347982,0.24814004,0.39191744,-0.016811205
LinearAcceleration,409347983,-0.045489833,0.12419921,-0.1467945
Gyroscope,409348002,0.24707477,0.40363535,0.0023635554
LinearAcceleration,409348003,-0.09651626,0.0700304,-0.1388637
Gyroscope,409348022,0.24707477,0.42174485,0.010885671
LinearAcceleration,409348023,-0.093373865,0.09053075,-0.110133275
Gyroscope,409348042,0.25027058,0.4409196,0.0034288198
LinearAcceleration,409348043,-0.20051439,0.17402853,-0.1678934
Gyroscope,409348062,0.26944533,0.47287753,-0.0029627667
LinearAcceleration,409348063,-0.33728316,0.1503858,-0.20245968
Gyroscope,409348082,0.29075062,0.5218797,0.0023635554
LinearAcceleration,409348083,-0.2534861,-0.08888474,-0.14021043
Gyroscope,409348102,0.28116322,0.5612945,0.010885671
LinearAcceleration,409348103,-0.14110826,-0.06943185,-0.051475335
Gyroscope,409348122,0.25985795,0.58259976,0.027929902
LinearAcceleration,409348123,-0.14499883,0.011073183,-0.024241293
Gyroscope,409348142,0.24494424,0.5953829,0.05349625
LinearAcceleration,409348143,-0.18854338,0.10115502,-0.09367314
Gyroscope,409348162,0.25133583,0.61029667,0.08225839
LinearAcceleration,409348163,-0.15771803,0.14903906,-0.15936404
Gyroscope,409348182,0.27051058,0.6177535,0.122738436
LinearAcceleration,409348183,-0.05566519,0.025737667,-0.09292495
Gyroscope,409348202,0.26944533,0.6145577,0.16215321
LinearAcceleration,409348204,0.050278235,-0.1643021,0.033967737
Gyroscope,409348223,0.2460095,0.5975135,0.19943747
LinearAcceleration,409348224,0.062099606,-0.5726631,0.21398178
Gyroscope,409348242,0.19274628,0.5698166,0.19091536
LinearAcceleration,409348242,0.017357962,-0.7368156,0.29553428
Gyroscope,409348897,0.13735253,0.543185,0.15576163
LinearAcceleration,409348897,0.0052373162,-0.4038719,0.23687632
Gyroscope,409348898,0.11604724,0.52827126,0.14830478
LinearAcceleration,409348898,0.07930793,-0.1364695,0.15726912
Gyroscope,409348898,0.121373564,0.5122923,0.16002269
LinearAcceleration,409348899,0.1448492,-0.1074398,0.11522096
Gyroscope,409348899,0.12243883,0.48139966,0.14830478
LinearAcceleration,409348899,0.14769232,-0.0020949265,0.039055414
Gyroscope,409348900,0.12776515,0.44198486,0.13019529
LinearAcceleration,409348900,0.15607202,0.06194997,-0.06898294
Gyroscope,409348900,0.14161359,0.40683115,0.1387174
LinearAcceleration,409348901,0.1770213,-0.044891283,-0.082300685
Gyroscope,409348901,0.007390272,0.11601395,0.16641428
LinearAcceleration,409348901,0.74998367,-0.17761984,-0.11327567
Gyroscope,409348902,-0.070374034,-0.38998663,-0.0082890885
LinearAcceleration,409348903,1.6537948,-0.47973818,0.4189853
Gyroscope,409348904,-0.12470252,-0.5561679,-0.014680675
LinearAcceleration,409348904,1.8839375,-0.5463269,0.4281132
Gyroscope,409348904,-0.18435733,-0.75324184,-0.011484882
LinearAcceleration,409348905,1.9141643,-0.4743512,0.3800795
Gyroscope,409348920,-0.23549002,-0.9567073,-0.009354353
LinearAcceleration,409348921,1.661576,-0.41644147,0.3489549
Gyroscope,409348941,-0.28236166,-1.1346065,-0.012550146
LinearAcceleration,409348941,1.2904748,-0.50846857,0.33429042
Gyroscope,409348962,-0.33669013,-1.2720256,-0.035985965
LinearAcceleration,409348963,0.94196874,-0.48198274,0.28491
Gyroscope,409348982,-0.39208388,-1.3551162,-0.072204955
LinearAcceleration,409348984,0.4086603,-0.20605098,0.1587655
Gyroscope,409349002,-0.40486705,-1.3721604,-0.09883656
LinearAcceleration,409349004,0.020949265,0.10295067,0.080056116
Gyroscope,409349022,-0.3824965,-1.3327457,-0.113750264
LinearAcceleration,409349023,-0.3266589,0.11941081,0.05431845
Gyroscope,409349042,-0.36012596,-1.2464592,-0.13292503
LinearAcceleration,409349043,-0.5279215,0.10399814,0.039055414
Gyroscope,409349062,-0.35160384,-1.1250191,-0.1574261
LinearAcceleration,409349063,-0.72080433,0.2633622,-0.044592008
Gyroscope,409349082,-0.32390696,-0.9780126,-0.16914402
LinearAcceleration,409349083,-0.74878657,0.41883567,-0.13123219
Gyroscope,409349102,-0.2749048,-0.82035345,-0.1787314
LinearAcceleration,409349103,-0.75267714,0.51550156,-0.15696985
Gyroscope,409349122,-0.2184458,-0.6690859,-0.18405771
LinearAcceleration,409349123,-0.6331167,0.31169513,-0.18525136
Gyroscope,409349142,-0.18861838,-0.5359279,-0.20003669
LinearAcceleration,409349143,-0.43798926,0.2669535,-0.25647885
Gyroscope,409349162,-0.16837835,-0.42833617,-0.1968409
LinearAcceleration,409349163,-0.2275988,0.1937807,-0.21472996
Gyroscope,409349182,-0.1641173,-0.3409845,-0.1755356
LinearAcceleration,409349183,-0.10280103,0.23133974,-0.32800564
Gyroscope,409349202,-0.16092151,-0.26961178,-0.14144714
LinearAcceleration,409349203,-0.004189853,0.22221185,-0.29254153
Gyroscope,409349222,-0.14387728,-0.22700119,-0.13399029
LinearAcceleration,409349223,0.06120178,-0.0023942017,-0.22011691
Gyroscope,409349242,-0.12257199,-0.21741381,-0.16594823
LinearAcceleration,409349243,0.06599019,-0.080505036,-0.19183542
Gyroscope,409349262,-0.12683305,-0.20036958,-0.1755356
LinearAcceleration,409349263,0.13063364,-0.045489833,-0.16205753
Gyroscope,409349282,-0.114049874,-0.18119483,-0.1457082
LinearAcceleration,409349283,0.21936873,-0.504578,0.06718729
Gyroscope,409349302,-0.13855095,-0.17693377,-0.14251241
LinearAcceleration,409349303,0.2391209,-0.7306804,0.25498247
Gyroscope,409349322,-0.19394471,-0.17373797,-0.15423031
LinearAcceleration,409349323,0.17492636,-0.46851534,0.34356794
Gyroscope,409349342,-0.2269679,-0.16734639,-0.1574261
LinearAcceleration,409349343,0.12120646,-0.25602993,0.3000234
Gyroscope,409349363,-0.23549002,-0.15882427,-0.1606219
LinearAcceleration,409349364,0.12195465,4.4891282E-4,0.29224226
Gyroscope,409349382,-0.21738052,-0.1609548,-0.16594823
LinearAcceleration,409349383,0.12898761,0.0062847794,0.35254622
Gyroscope,409349402,-0.19500998,-0.1726727,-0.1755356
LinearAcceleration,409349403,0.06479308,0.18689737,0.34326866
Gyroscope,409349422,-0.15985624,-0.18865167,-0.17447034
LinearAcceleration,409349423,0.08933365,0.28625673,0.30585927
Gyroscope,409349442,-0.12257199,-0.20036958,-0.15529558
LinearAcceleration,409349443,-0.0175076,0.42227733,0.163105
Gyroscope,409349462,-0.07996141,-0.18971694,-0.0977713
LinearAcceleration,409349463,-0.0350152,0.253935,0.10639234
Gyroscope,409349482,-0.054395065,-0.15988953,-0.026398584
LinearAcceleration,409349483,-0.045340195,0.06838439,0.14200608
Gyroscope,409349502,-0.05546033,-0.12367054,0.017277258
LinearAcceleration,409349503,-0.023493104,-0.028580783,0.122253925
Gyroscope,409349522,-0.06291718,-0.08851682,0.024734108
LinearAcceleration,409349523,0.026036944,0.05701193,0.06284779
Gyroscope,409349542,-0.046938214,-0.056558885,0.015146729
LinearAcceleration,409349543,0.16295536,0.06658874,0.03232172
Gyroscope,409349562,-0.025632925,-0.039514653,0.0055593485
LinearAcceleration,409349563,0.30780455,-0.024839843,0.12749124
Gyroscope,409349582,-0.020306604,-0.040579915,-0.004028031
LinearAcceleration,409349583,0.42272624,-0.044292733,0.18270752
Gyroscope,409349602,-0.025632925,-0.057624146,-0.014680675
LinearAcceleration,409349603,0.4556465,0.081103586,0.19108722
Gyroscope,409349622,-0.016045546,-0.07786417,-0.025333319
LinearAcceleration,409349623,0.44457334,0.24136546,0.10848726
Gyroscope,409349642,0.010586065,-0.09597367,-0.04237755
LinearAcceleration,409349643,0.37319618,0.362123,-8.9782564E-4
Gyroscope,409349662,0.054261908,-0.10662631,-0.04450808
LinearAcceleration,409349663,0.3510498,0.18480244,0.058508303
Gyroscope,409349682,0.07130614,-0.12047475,-0.05942178
LinearAcceleration,409349683,0.27488428,0.22385786,-0.072574235
Gyroscope,409349702,0.09793775,-0.13006213,-0.072204955
LinearAcceleration,409349703,0.22415714,0.20260932,-0.16145898
Gyroscope,409349722,0.1203083,-0.13006213,-0.07753128
LinearAcceleration,409349723,0.1818097,0.008230069,-0.15502456
Gyroscope,409349742,0.123504095,-0.13006213,-0.084988125
LinearAcceleration,409349743,0.16280572,-0.16011223,-0.1249474
Gyroscope,409349762,0.09580722,-0.12473581,-0.102032356
LinearAcceleration,409349763,0.048482586,0.062099606,-0.26126727
Gyroscope,409349782,0.09154616,-0.10662631,-0.09564077
LinearAcceleration,409349783,0.028281508,0.1436521,-0.32650927
Gyroscope,409349802,0.10326407,-0.087451555,-0.09137972
LinearAcceleration,409349803,0.07032967,0.047135845,-0.36466685
Gyroscope,409349822,0.107525125,-0.07786417,-0.09457551
LinearAcceleration,409349823,0.12449849,-0.057161566,-0.32935238
Gyroscope,409349842,0.0872851,-0.07679891,-0.09137972
LinearAcceleration,409349843,0.13617022,-0.12943652,-0.3048118
Gyroscope,409349863,0.052131377,-0.07573364,-0.07646601
LinearAcceleration,409349864,0.121655375,-0.06823475,-0.2629133
Gyroscope,409349882,0.023369238,-0.07573364,-0.058356516
LinearAcceleration,409349883,0.14185645,-0.106691614,-0.29508537
Gyroscope,409349902,9.986854E-4,-0.0799947,-0.045573343
LinearAcceleration,409349903,0.17522563,0.011821371,-0.27443537
Gyroscope,409349922,-0.008588694,-0.085321024,-0.027463848
LinearAcceleration,409349923,0.16340427,-0.07826047,-0.28266543
Gyroscope,409349942,-0.021371868,-0.086386286,-0.018941734
LinearAcceleration,409349943,0.071975686,-0.017208325,-0.3250129
Gyroscope,409349962,-0.02456766,-0.07573364,-0.011484882
LinearAcceleration,409349963,0.10130466,0.09292495,-0.29807812
Gyroscope,409349982,-0.019241339,-0.06614626,-0.00615856
LinearAcceleration,409349983,0.14036007,0.0068833297,-0.26904842
Gyroscope,409350002,-0.018176075,-0.060819943,-0.013615411
LinearAcceleration,409350003,0.15457565,-0.043843817,-0.22804771
Gyroscope,409350022,-0.022437133,-0.059754677,-0.022137526
LinearAcceleration,409350023,0.17462708,-0.09247604,-0.20066403
Gyroscope,409350042,-0.0384161,-0.05868941,-0.026398584
LinearAcceleration,409350043,0.17642274,-0.058508303,-0.19033903
Gyroscope,409350062,-0.0533298,-0.059754677,-0.022137526
LinearAcceleration,409350063,0.13856442,0.023193829,-0.16804303
Gyroscope,409350082,-0.06078665,-0.057624146,-0.020006998
LinearAcceleration,409350083,0.09801263,0.08574235,-0.20784664
Gyroscope,409350102,-0.054395065,-0.050167296,-0.017876469
LinearAcceleration,409350103,0.07496844,0.025139118,-0.16415246
Gyroscope,409350122,-0.0533298,-0.042710446,-0.017876469
LinearAcceleration,409350123,0.08693945,-0.005087679,-0.13661914
Gyroscope,409350142,-0.061851915,-0.035253596,-0.016811205
LinearAcceleration,409350144,0.047584757,0.071377136,-0.14784196
Gyroscope,409350163,-0.057590857,-0.021405157,-0.011484882
LinearAcceleration,409350164,0.032621,0.10519524,-0.17642274
Gyroscope,409350182,-0.04161189,-0.008621984,-0.00615856
LinearAcceleration,409350184,0.06494272,0.074818805,-0.11028291
Gyroscope,409350202,-0.035220306,0.0020306604,-0.016811205
LinearAcceleration,409350204,0.033668462,0.185401,-0.18884265
Gyroscope,409350222,-0.00752343,0.015879098,-0.014680675
LinearAcceleration,409350223,0.07870938,0.07975684,-0.10190321
Gyroscope,409350242,0.01165133,0.022270685,-0.017876469
LinearAcceleration,409350244,0.1786673,-0.082300685,0.011671733
Gyroscope,409350262,0.008455536,0.013748569,-0.038116492
LinearAcceleration,409350263,0.1551742,0.055066638,0.04997896
Gyroscope,409350282,0.008455536,0.0116180405,-0.03279017
LinearAcceleration,409350283,0.1592144,0.07152677,0.06628946
Gyroscope,409350302,0.01165133,0.015879098,-0.012550146
LinearAcceleration,409350304,0.16415246,-0.019153614,0.14095862
Gyroscope,409350322,0.0063250074,0.015879098,-0.0050932956
LinearAcceleration,409350323,0.1774702,-0.1707365,0.17328034
Gyroscope,409350342,-0.013915016,0.009487512,-0.017876469
LinearAcceleration,409350343,0.15726912,-0.10280103,0.17238252
Gyroscope,409350362,-0.029893983,0.0020306604,-0.028529113
LinearAcceleration,409350363,0.14814124,-0.18884265,0.30032268
Gyroscope,409350383,-0.046938214,-0.012883042,-0.046638608
LinearAcceleration,409350384,0.16684593,-0.22310968,0.3954922
Gyroscope,409350402,-0.058656123,-0.032057803,-0.058356516
LinearAcceleration,409350403,0.14230536,-0.08783727,0.41629183
Gyroscope,409350422,-0.04906874,-0.04590624,-0.05622599
LinearAcceleration,409350424,0.107140526,0.03546411,0.43110594
Gyroscope,409350442,-0.01711081,-0.04910203,-0.050899666
LinearAcceleration,409350443,0.10220248,0.004938041,0.3887585
Gyroscope,409350462,0.01910818,-0.04910203,-0.055160724
LinearAcceleration,409350464,0.10729016,0.14410101,0.35239655
Gyroscope,409350482,0.07343667,-0.054428354,-0.06900916
LinearAcceleration,409350483,0.25318682,0.16490065,0.4894646
Gyroscope,409350502,0.12883042,-0.08212523,-0.116946064
LinearAcceleration,409350503,0.29583356,0.9084499,0.3688567
Gyroscope,409350522,0.264119,-0.12367054,-0.18299246
LinearAcceleration,409350523,0.24974516,2.0555718,0.51789576
Gyroscope,409350543,0.5560014,-0.15243268,-0.24051674
LinearAcceleration,409350544,-0.08783727,3.3289878,0.4127005
Gyroscope,409350563,1.0268483,-0.14497583,-0.3246726
LinearAcceleration,409350564,-0.23822308,4.400842,0.8502409
Gyroscope,409350583,1.634049,-0.11195263,-0.38326216
LinearAcceleration,409350584,0.12599486,3.5565867,1.2346599
Gyroscope,409350603,2.1283317,-0.09277787,-0.46209174
LinearAcceleration,409350604,0.052373163,3.34874,1.7729063
Gyroscope,409350623,2.5629597,-0.057624146,-0.5132244
LinearAcceleration,409350624,-0.055964466,2.8253076,1.975366
Gyroscope,409350643,2.9240842,0.0116180405,-0.45356962
LinearAcceleration,409350644,0.016460137,1.2795511,2.143409
Gyroscope,409350663,3.0497854,0.07659917,-0.4237422
LinearAcceleration,409350664,0.023493104,0.04189853,1.9442414
Gyroscope,409350699,2.995457,0.14051503,-0.4035022
LinearAcceleration,409350700,0.21802199,-1.0163386,1.8839375
Gyroscope,409350701,2.8122315,0.16927718,-0.34491265
LinearAcceleration,409350702,0.47854108,-2.1419127,1.5662569
Gyroscope,409350721,2.4905217,0.14797188,-0.3289337
LinearAcceleration,409350722,0.6688801,-2.461389,1.0951977
Gyroscope,409350741,2.149637,0.093643405,-0.28206205
LinearAcceleration,409350742,0.7531261,-2.659659,0.55201316
Gyroscope,409350761,1.8300577,0.014813834,-0.27353993
LinearAcceleration,409350762,0.6218939,-2.1640592,0.09187749
Gyroscope,409350783,1.5988953,-0.057624146,-0.22986409
LinearAcceleration,409350784,0.60064536,-1.9955671,-0.17417817
Gyroscope,409350803,1.3986256,-0.11940949,-0.1755356
LinearAcceleration,409350804,0.4750994,-1.8574516,-0.27503392
Gyroscope,409350823,1.2260528,-0.16734639,-0.14144714
LinearAcceleration,409350824,0.27862522,-1.309778,-0.22834699
Gyroscope,409350842,1.1259179,-0.19504327,-0.100967094
LinearAcceleration,409350843,0.27039516,-1.3666402,-0.15218145
Gyroscope,409350863,1.0108694,-0.22806646,-0.088183925
LinearAcceleration,409350864,0.22041619,-1.5134348,-0.24705169
Gyroscope,409350883,0.85214496,-0.2536328,-0.10416289
LinearAcceleration,409350884,0.15218145,-1.2186487,-0.28072014
Gyroscope,409350903,0.72111744,-0.2685465,-0.103097625
LinearAcceleration,409350904,0.074818805,-0.83138657,-0.3338415
Gyroscope,409350922,0.63376576,-0.27493808,-0.07646601
LinearAcceleration,409350924,0.002244564,-0.8158242,-0.29508537
Gyroscope,409350942,0.54321826,-0.27280757,-0.060487047
LinearAcceleration,409350944,-0.06284779,-0.7806594,-0.31887773
Gyroscope,409350963,0.44840974,-0.2685465,-0.06261758
LinearAcceleration,409350964,-0.14080898,-0.5080197,-0.27009588
Gyroscope,409350982,0.3834286,-0.25043702,-0.058356516
LinearAcceleration,409350984,-0.19886838,-0.3453636,-0.23403321
Gyroscope,409351003,0.35466647,-0.22913171,-0.04876914
LinearAcceleration,409351004,-0.21517888,-0.31947628,-0.21891981
Gyroscope,409351023,0.3216433,-0.20143485,-0.053030197
LinearAcceleration,409351024,-0.26366147,-0.17597382,-0.28086978
Gyroscope,409351043,0.3088601,-0.16628112,-0.055160724
LinearAcceleration,409351044,-0.2781763,0.034566287,-0.22146365
Gyroscope,409351063,0.32910013,-0.13112739,-0.043442816
LinearAcceleration,409351064,-0.21039048,-0.07377134,-0.13916297
Gyroscope,409351083,0.3386875,-0.10556105,-0.0349207
LinearAcceleration,409351084,-0.1237503,-0.09412205,-0.16624738
Gyroscope,409351103,0.33762226,-0.087451555,-0.027463848
LinearAcceleration,409351104,-0.06958149,-0.06120178,-0.097862996
Gyroscope,409351123,0.34294856,-0.07786417,-0.00615856
LinearAcceleration,409351124,0.0037409402,-0.11222821,-0.08544307
Gyroscope,409351143,0.33975276,-0.073603116,-0.0029627667
LinearAcceleration,409351144,0.0017956513,-0.042197805,-0.12719196
Gyroscope,409351163,0.35040542,-0.06827679,2.330266E-4
LinearAcceleration,409351164,0.039055414,-0.06868366,-0.061650693
Gyroscope,409351183,0.35360122,-0.06295047,-0.0082890885
LinearAcceleration,409351184,0.061052144,-0.2264017,-0.06718729
Gyroscope,409351203,0.3301654,-0.061885204,-0.022137526
LinearAcceleration,409351204,0.13676877,-0.0827496,-0.07317279
Gyroscope,409351223,0.31525168,-0.06614626,-0.020006998
LinearAcceleration,409351224,0.22849663,-0.064493805,0.035314474
Gyroscope,409351243,0.3088601,-0.08319049,-8.322378E-4
LinearAcceleration,409351244,0.30855274,-0.21622634,0.13392566
Gyroscope,409351263,0.27796742,-0.11834422,-0.010419617
LinearAcceleration,409351264,0.2439093,-0.069731124,0.00808043
Gyroscope,409351283,0.25559688,-0.13751899,-0.0029627667
LinearAcceleration,409351284,0.11611878,0.077811554,-0.021697452
Gyroscope,409351303,0.2577274,-0.13645372,0.030060431
LinearAcceleration,409351304,0.11626842,-0.12554595,-0.010025719
Gyroscope,409351323,0.23642212,-0.13645372,0.03964781
LinearAcceleration,409351324,0.10923545,-0.21742344,-0.014664485
Gyroscope,409351342,0.20552945,-0.14071478,0.034321487
LinearAcceleration,409351343,0.17372926,-0.1755249,7.48188E-4
Gyroscope,409351362,0.1831589,-0.15243268,0.035386752
LinearAcceleration,409351364,0.22131401,-0.21667525,0.0038905777
Gyroscope,409351386,0.15439676,-0.16521585,0.040713076
LinearAcceleration,409351388,0.20231004,-0.1846528,0.011671733
Gyroscope,409351401,0.12883042,-0.17906429,0.050300453
LinearAcceleration,409351402,0.22969373,-0.10235212,-0.04504092
Gyroscope,409352108,0.11604724,-0.19504327,0.055626776
LinearAcceleration,409352114,0.21832126,-0.14903906,-0.037259765
Gyroscope,409352115,0.107525125,-0.2120875,0.06627942
LinearAcceleration,409352116,0.2896984,-0.121056825,0.025737667
Gyroscope,409352116,0.08941563,-0.23765384,0.06627942
LinearAcceleration,409352117,0.25602993,-0.06628946,0.07466917
Gyroscope,409352117,0.077697724,-0.2632202,0.06840995
LinearAcceleration,409352117,0.21877018,-0.0073322426,0.022894554
Gyroscope,409352118,0.077697724,-0.28452548,0.08545418
LinearAcceleration,409352118,0.17776948,-0.07796119,0.05057751
Gyroscope,409352118,9.986854E-4,-0.087451555,2.330266E-4
LinearAcceleration,409352119,-0.2908955,0.050727148,0.17836803
Gyroscope,409352119,-0.0064581656,-0.07679891,-0.033855435
LinearAcceleration,409352119,-0.34207156,0.1997662,0.049081136
Gyroscope,409352120,-0.06504771,0.04038018,0.001298291
LinearAcceleration,409352120,-0.15188217,0.14649522,0.1738789
Gyroscope,409352121,-0.054395065,0.04783703,-0.004028031
LinearAcceleration,409352121,-0.1503858,0.13976152,0.16115971
Gyroscope,409352121,-0.046938214,0.05955494,-0.011484882
LinearAcceleration,409352122,-0.16938977,0.09487024,0.12719196
Gyroscope,409352141,-0.037350833,0.07446864,-0.020006998
LinearAcceleration,409352141,-0.13946225,0.049829323,0.16115971
Gyroscope,409352161,-0.029893983,0.08938234,-0.030659642
LinearAcceleration,409352161,-0.12599486,0.074220255,0.095169514
Gyroscope,409352183,-0.013915016,0.10323078,-0.030659642
LinearAcceleration,409352184,-0.04683657,-0.026186582,0.15786767
Gyroscope,409352203,-0.013915016,0.107491836,-0.0349207
LinearAcceleration,409352204,-0.028880058,0.0055365916,0.11133038
Gyroscope,409352223,-0.013915016,0.107491836,-0.039181758
LinearAcceleration,409352224,0.012419921,0.041000705,0.058508303
Gyroscope,409352243,-0.00752343,0.10536131,-0.046638608
LinearAcceleration,409352244,-0.004638766,-0.08903438,0.1297358
Gyroscope,409352263,-0.005392901,0.09790446,-0.060487047
LinearAcceleration,409352264,0.01810615,-0.124049574,0.14933833
Gyroscope,409352283,-0.019241339,0.091512874,-0.08392286
LinearAcceleration,409352284,-0.086490534,0.18091187,0.022595279
Gyroscope,409352303,-0.0064581656,0.10323078,-0.06794389
LinearAcceleration,409352304,-0.010923545,0.20515315,0.088585466
Gyroscope,409352322,0.012716594,0.10536131,-0.0498344
LinearAcceleration,409352323,0.010923545,0.09696517,0.16804303
Gyroscope,409352343,0.018042916,0.09790446,-0.041312285
LinearAcceleration,409352344,2.992752E-4,-0.028281508,0.15382746
Gyroscope,409352362,0.005259743,0.092578135,-0.043442816
LinearAcceleration,409352363,-0.021996727,-0.08215105,0.14963761
Gyroscope,409352382,-0.014980281,0.08831708,-0.05196493
LinearAcceleration,409352383,-0.032770637,-0.050876785,0.10998364
Gyroscope,409352402,-0.03202451,0.08938234,-0.05196493
LinearAcceleration,409352403,0.031573534,-0.102052845,0.07227496
Gyroscope,409352423,-0.052264538,0.08299076,-0.05409546
LinearAcceleration,409352424,0.036661215,-0.032770637,0.05925649
Gyroscope,409352443,-0.06078665,0.07340337,-0.04876914
LinearAcceleration,409352444,0.07092822,-0.11222821,0.14963761
Gyroscope,409352463,-0.07996141,0.058489677,-0.0498344
LinearAcceleration,409352464,0.015412673,-0.024241293,0.13512276
Gyroscope,409352483,-0.098070905,0.053163353,-0.046638608
LinearAcceleration,409352484,-0.024091655,0.059855044,0.109534726
Gyroscope,409352503,-0.100201435,0.056359146,-0.03279017
LinearAcceleration,409352504,-0.029927522,-0.010773907,0.12479776
Gyroscope,409352523,-0.10339723,0.056359146,-0.035985965
LinearAcceleration,409352524,-0.09142858,0.019303251,0.09427169
Gyroscope,409352543,-0.100201435,0.058489677,-0.053030197
LinearAcceleration,409352544,-0.13138182,0.06539164,0.016460137
Gyroscope,409352563,-0.087418266,0.06807706,-0.06261758
LinearAcceleration,409352564,-0.1388637,0.02064999,0.034566287
Gyroscope,409352584,-0.083157204,0.08192549,-0.06581337
LinearAcceleration,409352585,-0.13811551,-0.06015432,0.01436521
Gyroscope,409352603,-0.09274458,0.094708666,-0.06581337
LinearAcceleration,409352604,-0.087538,-0.15263036,0.045938745
Gyroscope,409352623,-0.112984605,0.10110025,-0.06687863
LinearAcceleration,409352624,-0.090381116,-0.28042087,0.033518825
Gyroscope,409352643,-0.1460078,0.10429604,-0.06368284
LinearAcceleration,409352644,-0.07631518,-0.34431612,-0.017806875
Gyroscope,409352662,-0.18968365,0.106426574,-0.05196493
LinearAcceleration,409352664,-0.104895964,-0.25677812,-0.092775315
Gyroscope,409352683,-0.21525,0.108557105,-0.0050932956
LinearAcceleration,409352684,-0.0947206,-0.43364978,-0.037858315
Gyroscope,409352703,-0.27064374,0.10962237,0.05882257
LinearAcceleration,409352704,-0.12719196,-0.7577648,-0.028880058
Gyroscope,409352723,-0.38356176,0.11494869,0.11954264
LinearAcceleration,409352724,-0.19437926,-1.0757447,-0.08319851
Gyroscope,409352743,-0.53056824,0.13199292,0.18452378
LinearAcceleration,409352744,-0.15667057,-1.4565724,-0.15442601
Gyroscope,409352763,-0.7127285,0.1383845,0.21435118
LinearAcceleration,409352764,-0.20605098,-1.1950059,-0.26830024
Gyroscope,409352783,-0.85547394,0.13944978,0.27294073
LinearAcceleration,409352784,-0.27832595,-1.2683283,-0.12584522
Gyroscope,409352803,-1.0120678,0.16288559,0.3837282
LinearAcceleration,409352804,-0.3486556,-1.9503765,0.111180745
Gyroscope,409352823,-1.2698618,0.20443091,0.48492834
LinearAcceleration,409352824,-0.2971803,-2.4643817,0.17208324
Gyroscope,409352843,-1.6160728,0.25130254,0.54458314
LinearAcceleration,409352844,-0.1906383,-2.3142953,0.33369187
Gyroscope,409352863,-1.9377825,0.29284784,0.60743374
LinearAcceleration,409352864,0.16894086,-1.7172412,0.59944826
Gyroscope,409352883,-2.165749,0.29284784,0.6564359
LinearAcceleration,409352884,0.48557404,-1.3099276,1.0565912
Gyroscope,409352903,-2.3308651,0.25449833,0.67561066
LinearAcceleration,409352904,0.6892308,-1.008707,1.0348936
Gyroscope,409352923,-2.4714801,0.18845193,0.6159559
LinearAcceleration,409352924,0.71092826,0.38112697,0.75357497
Gyroscope,409352943,-2.391585,0.10962237,0.61062956
LinearAcceleration,409352944,0.55919576,1.2416929,1.0012252
Gyroscope,409352963,-2.152966,0.051032823,0.6095643
LinearAcceleration,409352964,0.38411975,1.6247652,1.0359411
Gyroscope,409352983,-1.8930415,0.0116180405,0.5349958
LinearAcceleration,409352984,0.34611177,2.1235073,1.1275194
Gyroscope,409353003,-1.5830495,-0.023535686,0.43699145
LinearAcceleration,409353004,0.18629882,2.0184617,1.1351509
Gyroscope,409353023,-1.2794491,-0.030992538,0.35603136
LinearAcceleration,409353024,0.07526772,1.8890251,0.82001406
Gyroscope,409353043,-1.0152636,-0.012883042,0.29424602
LinearAcceleration,409353044,-0.080056116,1.5454572,0.75028294
Gyroscope,409353063,-0.7958191,0.023335949,0.2708102
LinearAcceleration,409353064,-0.095768064,0.9826702,0.66229606
Gyroscope,409353084,-0.66159576,0.063815996,0.23352593
LinearAcceleration,409353085,-0.17253216,0.7588123,0.61261636
Gyroscope,409353103,-0.5625262,0.11601395,0.21328591
LinearAcceleration,409353104,-0.3688567,0.39384618,0.5585972
Gyroscope,409353123,-0.5081977,0.19590878,0.18985009
LinearAcceleration,409353125,-0.688333,0.15741876,0.32635963
Gyroscope,409353143,-0.4783703,0.31947947,0.1387174
LinearAcceleration,409353144,-0.74983406,0.55455697,0.17896658
Gyroscope,409353164,-0.3888881,0.45370278,0.1355216
LinearAcceleration,409353165,-0.5279215,0.5201403,0.3612252
Gyroscope,409353183,-0.3047322,0.55064183,0.15576163
LinearAcceleration,409353184,-0.2873042,0.20934302,0.48527476
Gyroscope,409353203,-0.27597007,0.60497034,0.17706692
LinearAcceleration,409353205,-0.1690905,0.029927522,0.516549
Gyroscope,409353223,-0.2812964,0.6422546,0.19091536
LinearAcceleration,409353224,-0.12988544,0.23418285,0.3696049
Gyroscope,409353243,-0.25040373,0.6667557,0.19304588
LinearAcceleration,409353244,0.033369187,0.4571429,0.32067338
Gyroscope,409353263,-0.17690048,0.6656904,0.19304588
LinearAcceleration,409353265,0.12674305,0.23148938,0.40955812
Gyroscope,409353283,-0.12470252,0.64331985,0.17706692
LinearAcceleration,409353285,0.065242,0.023044191,0.40177697
Gyroscope,409353304,-0.11724567,0.635863,0.15469638
LinearAcceleration,409353305,-0.023343466,0.04369418,0.27757776
Gyroscope,409353323,-0.10872355,0.6475809,0.14297846
LinearAcceleration,409353325,0.042646717,0.22385786,0.23493104
Gyroscope,409353343,-0.067178234,0.6539725,0.14723952
LinearAcceleration,409353345,0.040252518,0.1822586,0.29897594
Gyroscope,409353363,-0.029893983,0.65503776,0.1568269
LinearAcceleration,409353364,-0.0032920274,0.046986207,0.29299045
Gyroscope,409353384,-0.016045546,0.6603641,0.1685448
LinearAcceleration,409353385,0.07616554,-0.080056116,0.3544915
Gyroscope,409353403,-0.02456766,0.656103,0.18026271
LinearAcceleration,409353405,0.16684593,-0.15292963,0.3552397
Gyroscope,409353423,-0.04161189,0.64118934,0.1834585
LinearAcceleration,409353425,0.080056116,-0.019452889,0.27967268
Gyroscope,409353443,-0.037350833,0.63692826,0.19091536
LinearAcceleration,409353445,0.025438393,0.08783727,0.19078794
Gyroscope,409353463,-0.014980281,0.6443851,0.18878484
LinearAcceleration,409353465,0.004489128,0.017058687,0.1731307
Gyroscope,409353483,0.0031292143,0.65184194,0.16961007
LinearAcceleration,409353484,0.052373163,-0.03187281,0.13422494
Gyroscope,409353503,0.009520801,0.66142935,0.14404373
LinearAcceleration,409353504,0.071377136,0.004489128,0.051026423
Gyroscope,409353523,0.024434503,0.6688862,0.1355216
LinearAcceleration,409353524,0.18555063,-0.014664485,0.083497785
Gyroscope,409353543,0.03615241,0.6582335,0.13765214
LinearAcceleration,409353545,0.3390788,-0.21832126,0.10339958
Gyroscope,409353563,0.024434503,0.62734085,0.13339108
LinearAcceleration,409353564,0.3808277,-0.24794951,0.089782566
Gyroscope,409353585,-6.657903E-5,0.5911219,0.12806475
LinearAcceleration,409353587,0.25857377,-0.23104046,0.070778586
Gyroscope,409353603,-0.018176075,0.57194716,0.122738436
LinearAcceleration,409353604,0.09367314,-0.06778584,-0.012270284
Gyroscope,409353623,-0.012849752,0.57194716,0.11102053
LinearAcceleration,409353624,0.106691614,0.05925649,-0.004040215
Gyroscope,409353643,0.013781859,0.57088184,0.107824735
LinearAcceleration,409353644,0.10354923,-0.076614454,0.07616554
Gyroscope,409353664,0.013781859,0.5666208,0.09504156
LinearAcceleration,409353665,-0.19767128,-0.080505036,0.08200141
Gyroscope,409353683,0.0041944785,0.6039051,0.09823735
LinearAcceleration,409353684,-0.40177697,0.080505036,-0.022894554
Gyroscope,409353703,0.020173445,0.6688862,0.12806475
LinearAcceleration,409353704,-0.33608606,0.06000468,-2.992752E-4
Gyroscope,409353723,0.031891353,0.72214943,0.14830478
LinearAcceleration,409353724,-0.49649757,0.078410104,0.021098902
Gyroscope,409353743,0.03615241,0.78286946,0.16641428
LinearAcceleration,409353744,-0.7031471,0.35090017,-0.045340195
Gyroscope,409353763,0.07130614,0.85317695,0.20263326
LinearAcceleration,409353765,-0.580145,0.22834699,0.040102877
Gyroscope,409353783,0.1053946,0.9011138,0.23672172
LinearAcceleration,409353785,-0.43200377,0.05626374,0.038307227
Gyroscope,409353804,0.10432933,0.9373328,0.27507126
LinearAcceleration,409353805,-0.32830492,0.059106853,0.10444705
Gyroscope,409353823,0.1053946,0.97035605,0.3251387
LinearAcceleration,409353825,-0.17357962,-0.08903438,0.10998364
Gyroscope,409353844,0.093676694,0.98740023,0.34644395
LinearAcceleration,409353845,0.026635494,-0.28865093,0.20545243
Gyroscope,409353863,0.06278402,0.9778129,0.33685657
LinearAcceleration,409353864,0.23702596,-0.35434186,0.341473
Gyroscope,409353884,0.022303974,0.9437244,0.32620394
LinearAcceleration,409353885,0.30735564,-0.21652561,0.42347443
Gyroscope,409353903,-0.008588694,0.9021791,0.33579132
LinearAcceleration,409353905,0.4026748,-0.08245032,0.38801032
Gyroscope,409353924,-0.026698189,0.8659601,0.34963977
LinearAcceleration,409353925,0.45444942,0.19767128,0.24420857
Gyroscope,409353943,-0.0064581656,0.83506745,0.37414083
LinearAcceleration,409353945,0.6907272,0.21472996,0.20979193
Gyroscope,409353963,0.035087146,0.7764779,0.3752061
LinearAcceleration,409353965,0.9816227,-0.013766659,0.1794155
Gyroscope,409353984,0.06171876,0.67314726,0.33685657
LinearAcceleration,409353985,1.1957542,-0.110731825,0.21532851
Gyroscope,409354003,0.078762986,0.5346629,0.29211548
LinearAcceleration,409354005,1.2841899,-0.30137014,0.15726912
Gyroscope,409354024,0.078762986,0.3833953,0.25483122
LinearAcceleration,409354025,1.29242,-0.5093664,0.12389994
Gyroscope,409354044,0.04787032,0.22467093,0.22180803
LinearAcceleration,409354045,1.4676456,-0.7528268,0.23403321
Gyroscope,409354064,-0.01711081,0.029727535,0.18878484
LinearAcceleration,409354065,1.7848774,-0.83063835,0.34880525
Gyroscope,409354084,-0.114049874,-0.21741381,0.16108796
LinearAcceleration,409354085,1.9449896,-0.76300216,0.38411975
Gyroscope,409354104,-0.21098894,-0.4997089,0.1568269
LinearAcceleration,409354105,2.095076,-0.767192,0.46103346
Gyroscope,409354124,-0.31218904,-0.80970085,0.14191319
LinearAcceleration,409354125,2.0334253,-0.6392518,0.413748
Gyroscope,409354144,-0.40273654,-1.1111706,0.11741211
LinearAcceleration,409354145,1.6844705,-0.5481225,0.25094226
Gyroscope,409354164,-0.47304398,-1.3615078,0.103563674
LinearAcceleration,409354165,1.2829928,-0.88480717,0.23104046
Gyroscope,409354184,-0.5721136,-1.559647,0.06308363
LinearAcceleration,409354185,0.75956047,-1.0509049,0.27398646
Gyroscope,409354204,-0.69994533,-1.688544,-0.01574594
LinearAcceleration,409354205,0.0053869537,-0.57999533,0.082300685
Gyroscope,409354224,-0.76812226,-1.7162409,-0.058356516
LinearAcceleration,409354225,-0.5734113,-0.32366616,0.05626374
Gyroscope,409354244,-0.79475385,-1.664043,-0.08392286
LinearAcceleration,409354245,-0.9207202,-0.22729953,-0.06584055
Gyroscope,409354264,-0.80647177,-1.5702996,-0.12014186
LinearAcceleration,409354265,-0.9724948,0.073023155,-0.056563016
Gyroscope,409354284,-0.7841012,-1.4584469,-0.148904
LinearAcceleration,409354285,-1.0787375,0.43125558,-0.04997896
Gyroscope,409354304,-0.72231585,-1.322093,-0.14996926
LinearAcceleration,409354305,-1.2976574,0.6512229,-0.06703765
Gyroscope,409354324,-0.6402905,-1.1516507,-0.13505556
LinearAcceleration,409354325,-1.4380174,0.54288524,-0.034715924
Gyroscope,409354344,-0.565722,-0.96735996,-0.12972923
LinearAcceleration,409354345,-1.4000094,0.44068274,-0.04997896
Gyroscope,409354363,-0.51032823,-0.7883955,-0.14251241
LinearAcceleration,409354365,-1.276708,0.37229836,-0.09861118
Gyroscope,409354383,-0.45813027,-0.6243448,-0.16275243
LinearAcceleration,409354385,-1.1855787,0.4902128,-0.15532383
Gyroscope,409355040,-0.39527968,-0.46881622,-0.17447034
LinearAcceleration,409355040,-1.09834,0.5810428,-0.17836803
Gyroscope,409355041,-0.3228417,-0.31754866,-0.16168717
LinearAcceleration,409355041,-0.90261406,0.41569328,-0.0676362
Gyroscope,409355041,-0.27703533,-0.193978,-0.14996926
LinearAcceleration,409355042,-0.6108207,0.25887305,0.08334815
Gyroscope,409355042,-0.25786057,-0.12686634,-0.15955664
LinearAcceleration,409355042,-0.46806642,0.17133506,0.119859725
Gyroscope,409355043,-0.24933845,-0.0949084,-0.1787314
LinearAcceleration,409355043,-0.41763857,0.37020344,0.0338181
Gyroscope,409355043,-0.21738052,-0.07253785,-0.16168717
LinearAcceleration,409355043,-0.31902736,0.4882675,0.06599019
Gyroscope,409355046,-0.14813833,-0.06295047,-8.322378E-4
LinearAcceleration,409355047,-0.44083238,-0.04309563,0.34760815
Gyroscope,409355048,-0.00752343,-0.04590624,-0.06581337
LinearAcceleration,409355049,0.36511576,-0.3672107,0.52971715
Gyroscope,409355049,-0.030959247,-0.08851682,-0.07113969
LinearAcceleration,409355049,0.25318682,-0.3163339,0.45205522
Gyroscope,409355050,-0.04161189,-0.12367054,-0.07859654
LinearAcceleration,409355050,0.08544307,-0.26021978,0.351798
Gyroscope,409355062,-0.043742422,-0.13645372,-0.07753128
LinearAcceleration,409355063,-0.03067571,-0.25139117,0.2896984
Gyroscope,409355082,-0.046938214,-0.1279316,-0.07646601
LinearAcceleration,409355082,-0.121056825,-0.1794155,0.29433718
Gyroscope,409355102,-0.04906874,-0.10556105,-0.07753128
LinearAcceleration,409355102,-0.17597382,-0.16609775,0.28281507
Gyroscope,409355122,-0.04906874,-0.07892944,-0.088183925
LinearAcceleration,409355122,-0.1834557,-0.10220248,0.2515408
Gyroscope,409355142,-0.039481364,-0.054428354,-0.09670603
LinearAcceleration,409355142,-0.14065935,-0.13661914,0.30271688
Gyroscope,409355164,-0.033089776,-0.036318857,-0.09351024
LinearAcceleration,409355165,-0.047884032,-0.13183074,0.28206688
Gyroscope,409355184,-0.036285568,-0.025666215,-0.088183925
LinearAcceleration,409355189,-0.049530048,-0.0031423897,0.22595279
Gyroscope,409355203,-0.021371868,-0.018209364,-0.06794389
LinearAcceleration,409355204,-0.015711948,-0.102052845,0.25004444
Gyroscope,409355222,-0.018176075,-0.019274628,-0.05622599
LinearAcceleration,409355223,-0.04129998,-0.28565818,0.31588498
Gyroscope,409355242,-0.03415504,-0.022470422,-0.06261758
LinearAcceleration,409355242,-0.10040683,-0.25932196,0.2769792
Gyroscope,409355262,-0.056525595,-0.010752513,-0.06581337
LinearAcceleration,409355262,-0.21472996,0.0020949265,0.14784196
Gyroscope,409355282,-0.039481364,0.020140156,-0.038116492
LinearAcceleration,409355282,-0.21083939,-0.09711481,0.15292963
Gyroscope,409355304,-0.026698189,0.044641238,-0.029594377
LinearAcceleration,409355305,-0.16475101,-0.22490533,0.18315643
Gyroscope,409355323,-0.027763454,0.058489677,-0.0349207
LinearAcceleration,409355323,-0.12943652,-0.19931729,0.2045546
Gyroscope,409355342,-0.025632925,0.063815996,-0.040247023
LinearAcceleration,409355343,-0.15053543,-0.080505036,0.1551742
Gyroscope,409355362,-0.01711081,0.06594653,-0.046638608
LinearAcceleration,409355363,-0.2033575,0.17163433,0.024839843
Gyroscope,409355382,0.0041944785,0.07127285,-0.041312285
LinearAcceleration,409355382,-0.20919338,-0.07152677,0.11806407
Gyroscope,409355402,0.0020639498,0.08618655,0.0034288198
LinearAcceleration,409355402,-0.094570965,-0.56278706,0.60917467
Gyroscope,409355422,-0.07463509,0.08831708,0.043908868
LinearAcceleration,409355422,0.08304887,-0.779163,0.9696517
Gyroscope,409355442,-0.16837835,0.05529388,0.030060431
LinearAcceleration,409355442,0.1563713,-0.405069,0.9636662
Gyroscope,409355464,-0.20140156,-0.0064914552,-0.025333319
LinearAcceleration,409355465,0.109834,0.19153613,0.9060557
Gyroscope,409355483,-0.14174674,-0.07040732,-0.053030197
LinearAcceleration,409355485,0.06584055,0.018405426,1.0073603
Gyroscope,409355503,-0.07356983,-0.12580107,-0.0647481
LinearAcceleration,409355504,0.03606266,-0.3119944,1.0437223
Gyroscope,409355524,-0.04161189,-0.17054218,-0.070074424
LinearAcceleration,409355525,-0.08259996,-0.37933132,0.92281514
Gyroscope,409355544,-0.013915016,-0.19184746,-0.04876914
LinearAcceleration,409355545,-0.20395605,-0.18405426,0.6727707
Gyroscope,409355564,0.034021884,-0.18226008,0.010885671
LinearAcceleration,409355565,-0.29328972,-0.063296705,0.4225766
Gyroscope,409355584,0.090480894,-0.14497583,0.08225839
LinearAcceleration,409355585,-0.37229836,-0.15053543,0.17492636
Gyroscope,409355604,0.13415673,-0.09064735,0.13445635
LinearAcceleration,409355605,-0.36436757,-0.37065235,0.08559271
Gyroscope,409355624,0.14054832,-0.032057803,0.17067534
LinearAcceleration,409355625,-0.20874447,-0.6097732,0.17776948
Gyroscope,409355644,0.10645986,0.0116180405,0.19837222
LinearAcceleration,409355645,0.027383681,-0.6721721,0.29179335
Gyroscope,409355664,0.042544,0.0307928,0.20156801
LinearAcceleration,409355665,0.16370355,-0.34356794,0.29673138
Gyroscope,409355684,0.015912388,0.036119122,0.21115538
LinearAcceleration,409355685,0.24001873,-0.17612346,0.23403321
Gyroscope,409355704,0.010586065,0.041445445,0.21222065
LinearAcceleration,409355705,0.12943652,0.050427873,0.12779051
Gyroscope,409355723,0.029760825,0.06807706,0.2196775
LinearAcceleration,409355725,0.06658874,-0.012868834,0.09711481
Gyroscope,409355744,0.03082609,0.11601395,0.21435118
LinearAcceleration,409355745,-0.02932897,0.09008184,0.061052144
Gyroscope,409355764,0.042544,0.17992982,0.20902486
LinearAcceleration,409355765,0.022445641,0.12719196,0.042945992
Gyroscope,409355784,0.063849285,0.22680146,0.19411115
LinearAcceleration,409355785,0.11671733,0.00808043,0.10070611
Gyroscope,409355804,0.07556719,0.2502373,0.16215321
LinearAcceleration,409355805,0.15502456,-0.031573534,0.050278235
Gyroscope,409355824,0.079828255,0.25875938,0.13445635
LinearAcceleration,409355825,0.21054012,-0.13138182,0.060453594
Gyroscope,409355843,0.0723714,0.2555636,0.11634685
LinearAcceleration,409355845,0.25962123,-0.042347442,0.039504327
Gyroscope,409355864,0.07024087,0.23425831,0.08438892
LinearAcceleration,409355865,0.25647885,0.12928689,-0.05551555
Gyroscope,409355884,0.09793775,0.20336564,0.05669204
LinearAcceleration,409355885,0.2264017,0.16938977,-0.06539164
Gyroscope,409355904,0.12776515,0.16927718,0.036452018
LinearAcceleration,409355905,0.1818097,-0.10444705,-0.033069912
Gyroscope,409355924,0.12563463,0.1383845,0.018342521
LinearAcceleration,409355925,0.030974984,-0.15741876,-0.070778586
Gyroscope,409355944,0.1053946,0.12879713,0.0130162
LinearAcceleration,409355945,-0.07676409,-0.17657238,-0.17462708
Gyroscope,409355964,0.0872851,0.13944978,0.026864637
LinearAcceleration,409355965,-0.14844051,-0.22415714,-0.22385786
Gyroscope,409355984,0.063849285,0.16075505,0.055626776
LinearAcceleration,409355985,-0.13751696,-0.19572599,-0.18614918
Gyroscope,409356004,0.041478734,0.17886455,0.08119313
LinearAcceleration,409356005,-0.0899322,-0.17522563,-0.15322891
Gyroscope,409356024,0.016977651,0.18845193,0.10036788
LinearAcceleration,409356025,-0.02932897,-0.117016606,-0.076614454
Gyroscope,409356044,-0.0043276367,0.19058247,0.1238037
LinearAcceleration,409356045,0.052971713,-0.09262568,0.011522096
Gyroscope,409356064,-0.026698189,0.18525614,0.14084794
LinearAcceleration,409356065,0.08828619,0.0055365916,-0.0034416649
Gyroscope,409356084,-0.028828718,0.17673403,0.14937004
LinearAcceleration,409356085,0.12554595,0.10339958,-0.032621
Gyroscope,409356104,-0.016045546,0.16927718,0.1536311
LinearAcceleration,409356105,0.11746552,0.13856442,-0.07511808
Gyroscope,409356124,0.008455536,0.16288559,0.1536311
LinearAcceleration,409356125,0.1822586,0.024690205,-0.029927522
Gyroscope,409356144,0.016977651,0.14903715,0.1387174
LinearAcceleration,409356145,0.24839842,0.059106853,-0.04818331
Gyroscope,409356164,0.021238709,0.1266666,0.1238037
LinearAcceleration,409356165,0.28865093,-0.061052144,-0.07855974
Gyroscope,409356184,0.021238709,0.10216552,0.11208579
LinearAcceleration,409356185,0.26470894,-0.15846622,-0.078410104
Gyroscope,409356204,0.01165133,0.07127285,0.090780504
LinearAcceleration,409356205,0.21862054,-0.29044658,-0.039205052
Gyroscope,409356224,-0.022437133,0.04996756,0.07054048
LinearAcceleration,409356225,0.15577275,-0.15173253,-0.027084406
Gyroscope,409356244,-0.046938214,0.042510707,0.076932065
LinearAcceleration,409356245,0.1806126,-0.14425065,0.008978256
Gyroscope,409356264,-0.06504771,0.029727535,0.06947521
LinearAcceleration,409356265,0.16086042,-0.10459669,0.011372458
Gyroscope,409356284,-0.08102667,9.653959E-4,0.026864637
LinearAcceleration,409356285,0.07347207,0.1515829,0.0104746325
Gyroscope,409356304,-0.06398244,-0.021405157,0.014081464
LinearAcceleration,409356305,0.03606266,-0.06374562,0.106093064
Gyroscope,409356324,-0.058656123,-0.039514653,0.024734108
LinearAcceleration,409356325,0.11507132,-0.18734628,0.2391209
Gyroscope,409356344,-0.07676562,-0.065081,0.03219096
LinearAcceleration,409356345,0.0863409,-0.13242929,0.23852235
Gyroscope,409356364,-0.07996141,-0.086386286,0.043908868
LinearAcceleration,409356365,-0.018255789,-0.06494272,0.04938041
Gyroscope,409356384,-0.054395065,-0.0799947,0.076932065
LinearAcceleration,409356385,0.016759412,-0.24959552,0.09322423
Gyroscope,409356404,-0.046938214,-0.07040732,0.10143315
LinearAcceleration,409356405,0.08484452,-0.7194576,0.27712885
Gyroscope,409356424,-0.102331966,-0.08319049,0.0609531
LinearAcceleration,409356425,-0.01690905,-0.624737,0.18405426
Gyroscope,409356444,-0.13215937,-0.08851682,0.018342521
LinearAcceleration,409356445,-0.12764087,-0.35942954,0.02439093
Gyroscope,409356464,-0.12363725,-0.07466838,0.008755142
LinearAcceleration,409356465,-0.1062427,-0.58194065,0.06419453
Gyroscope,409356484,-0.1492036,-0.05549362,0.0044940845
LinearAcceleration,409356485,-0.06254852,-0.842759,0.26366147
Gyroscope,409356504,-0.22590263,-0.037384123,0.0044940845
LinearAcceleration,409356505,0.042048167,-0.6817489,0.39369655
Gyroscope,409356524,-0.29194903,-0.024600951,0.02047305
LinearAcceleration,409356525,0.16475101,-0.38606504,0.49874213
Gyroscope,409356544,-0.32071117,-0.028862009,0.034321487
LinearAcceleration,409356545,0.2645593,-0.056712653,0.5539584
Gyroscope,409356564,-0.30686274,-0.046971504,0.034321487
LinearAcceleration,409356565,0.3333926,0.2889502,0.55021745
Gyroscope,409356584,-0.251469,-0.06827679,0.030060431
LinearAcceleration,409356585,0.36152446,0.53330845,0.51819503
Gyroscope,409356604,-0.15985624,-0.086386286,0.030060431
LinearAcceleration,409356605,0.33084875,0.4813842,0.4373907
Gyroscope,409356624,-0.07570035,-0.09703893,0.024734108
LinearAcceleration,409356625,0.24675241,0.43080667,0.3119944
Gyroscope,409356644,-6.657903E-5,-0.0949084,0.014081464
LinearAcceleration,409356645,0.19303252,0.05207389,0.23612814
Gyroscope,409356664,0.04041347,-0.087451555,-0.014680675
LinearAcceleration,409356665,0.13153146,-0.050427873,0.14933833
Gyroscope,409356684,0.06171876,-0.08319049,-0.06581337
LinearAcceleration,409356685,0.12898761,-0.13078327,0.064493805
Gyroscope,409356704,0.065979816,-0.0799947,-0.118011326
LinearAcceleration,409356706,0.06000468,0.12479776,-0.06748656
Gyroscope,409356724,0.08621984,-0.073603116,-0.13292503
LinearAcceleration,409356725,0.10534488,0.056563016,-0.0688333
Gyroscope,409356744,0.09580722,-0.0799947,-0.1457082
LinearAcceleration,409356745,0.11656769,-0.21293432,-0.013317747
Gyroscope,409356764,0.06917561,-0.100234725,-0.1755356
LinearAcceleration,409356765,0.093373865,-0.142455,0.0026934769
Gyroscope,409356784,0.042544,-0.12367054,-0.18405771
LinearAcceleration,409356785,0.081103586,-0.020201078,0.0017956513
Gyroscope,409356804,0.028695561,-0.15030216,-0.1787314
LinearAcceleration,409356805,-0.0074818805,0.09023148,-0.04070143
Gyroscope,409356824,0.031891353,-0.17480324,-0.16914402
LinearAcceleration,409356825,-0.11043255,0.124648124,-0.03875614
Gyroscope,409356844,0.04041347,-0.18865167,-0.1606219
LinearAcceleration,409356845,-0.25094226,0.21203649,-0.11432313
Gyroscope,409356864,0.058522966,-0.18226008,-0.148904
LinearAcceleration,409356865,-0.3752911,0.2228104,-0.18121114
Gyroscope,409356884,0.08195878,-0.16308533,-0.13718608
LinearAcceleration,409356885,-0.47046062,0.12554595,-0.18689737
Gyroscope,409356904,0.09154616,-0.13112739,-0.1307945
LinearAcceleration,409356905,-0.521936,0.08454525,-0.25692776
Gyroscope,409356924,0.096872486,-0.087451555,-0.11161974
LinearAcceleration,409356925,-0.52627546,-0.056114104,-0.26994625
Gyroscope,409356944,0.08408931,-0.039514653,-0.09137972
LinearAcceleration,409356945,-0.440982,-0.1731307,-0.22251113
Gyroscope,409356964,0.052131377,9.653959E-4,-0.07753128
LinearAcceleration,409356965,-0.358831,-0.19841947,-0.16280572
Gyroscope,409356984,0.018042916,0.022270685,-0.06900916
LinearAcceleration,409356985,-0.20171149,-0.15098435,-0.07915829
Gyroscope,409357004,-0.011784487,0.024401214,-0.05622599
LinearAcceleration,409357005,-0.061650693,-0.00808043,-0.010025719
Gyroscope,409357024,-0.030959247,0.010552776,-0.038116492
LinearAcceleration,409357025,-0.00808043,0.10339958,0.02439093
Gyroscope,409357044,-0.033089776,-0.010752513,-0.018941734
LinearAcceleration,409357045,0.015861586,0.15083471,0.037858315
Gyroscope,409357064,-0.022437133,-0.032057803,-0.0072238245
LinearAcceleration,409357065,-0.042347442,0.32680854,0.012569559
Gyroscope,409357084,0.009520801,-0.044840973,0.001298291
LinearAcceleration,409357085,-0.12554595,0.25902268,-0.044741645
Gyroscope,409357104,0.03615241,-0.04164518,0.0055593485
LinearAcceleration,409357105,-0.21906945,0.19946693,-0.09142858
Gyroscope,409357124,0.056392435,-0.020339893,0.010885671
LinearAcceleration,409357125,-0.24211365,0.082899235,-0.1683423
Gyroscope,409357144,0.06704508,0.0116180405,0.021538315
LinearAcceleration,409357145,-0.22864626,-0.016460137,-0.118213706
Gyroscope,409357164,0.060653493,0.036119122,0.022603579
LinearAcceleration,409357165,-0.13227965,-0.2033575,-0.07826047
Gyroscope,409357184,0.03295662,0.051032823,0.008755142
LinearAcceleration,409357185,-0.12764087,-0.0067336923,-0.1491887
Gyroscope,409357205,0.027630296,0.07340337,0.028995166
LinearAcceleration,409357206,-0.060453594,-0.05626374,-0.13721769
Gyroscope,409357224,0.029760825,0.092578135,0.05669204
LinearAcceleration,409357225,-0.005087679,-0.16056114,-0.112377845
Gyroscope,409357244,0.015912388,0.10003499,0.0609531
LinearAcceleration,409357245,0.021098902,-0.100855745,-0.10414778
Gyroscope,409357264,0.010586065,0.10429604,0.064148895
LinearAcceleration,409357265,0.07212532,-0.08020575,-0.11192893
Gyroscope,409357284,0.009520801,0.106426574,0.06627942
LinearAcceleration,409357285,0.09382278,-0.08783727,-0.10115502
Gyroscope,409357304,0.010586065,0.107491836,0.06627942
LinearAcceleration,409357305,0.08454525,-0.11447277,-0.09187749
Gyroscope,409357324,0.008455536,0.1117529,0.0609531
LinearAcceleration,409357325,0.04997896,-0.06434417,-0.15682021
Gyroscope,409357344,0.013781859,0.122405544,0.057757307
LinearAcceleration,409357345,0.055066638,-0.07796119,-0.1448492
Gyroscope,409357364,0.021238709,0.12879713,0.050300453
LinearAcceleration,409357365,0.11776479,-0.1798644,-0.107140526
Gyroscope,409357384,0.009520801,0.12560134,0.037517283
LinearAcceleration,409357385,0.07332243,-0.16026187,-0.08828619
Gyroscope,409357404,-0.0032623722,0.12773186,0.040713076
LinearAcceleration,409357405,0.067935474,-0.2633622,-0.08723872
Gyroscope,409357424,-0.02456766,0.13092765,0.038582545
LinearAcceleration,409357425,0.037708677,-0.20829555,-0.07990648
Gyroscope,409357444,-0.040546626,0.13092765,0.030060431
LinearAcceleration,409357445,0.022595279,-0.17013796,-0.09382278
Gyroscope,409357464,-0.051199272,0.1298624,0.024734108
LinearAcceleration,409357465,-0.021398177,-0.12060791,-0.06075287
Gyroscope,409357484,-0.058656123,0.13305819,0.030060431
LinearAcceleration,409357485,-0.06135142,-0.07511808,-0.032770637
Gyroscope,409357504,-0.061851915,0.1383845,0.04710466
LinearAcceleration,409357508,-0.07107786,-0.12659341,0.1038485
Gyroscope,409357523,-0.07783088,0.13625398,0.064148895
LinearAcceleration,409357525,-0.13377602,-0.10998364,0.16968904
Gyroscope,409357543,-0.100201435,0.12879713,0.062018365
LinearAcceleration,409357544,-0.28999767,0.2515408,0.10938509
Gyroscope,409357572,-0.087418266,0.12453607,0.059887834
LinearAcceleration,409357573,-0.5162497,0.2645593,0.054767363
Gyroscope,409357622,-0.042677157,0.14477609,0.08438892
LinearAcceleration,409357623,-0.68967974,0.0175076,0.14410101
Gyroscope,409357623,-0.012849752,0.18312562,0.14617425
LinearAcceleration,409357623,-0.5621885,-0.60109425,0.40970775
Gyroscope,409357630,-0.06398244,0.2076267,0.18026271
LinearAcceleration,409357635,-0.5823896,-0.58553195,0.43918636
Gyroscope,409357647,-0.11724567,0.22467093,0.2196775
LinearAcceleration,409357648,-0.6440403,-0.47644615,0.40342298
Gyroscope,409357667,-0.13535516,0.2374541,0.26974493
LinearAcceleration,409357668,-0.6787562,-0.60917467,0.35299513
Gyroscope,409358032,-0.16198677,0.24278042,0.3208776
LinearAcceleration,409358040,-0.6839935,-0.46492404,0.21697453
Gyroscope,409358041,-0.17690048,0.24597621,0.4050335
LinearAcceleration,409358042,-0.67890584,-0.46058455,0.18659809
Gyroscope,409358042,-0.17796575,0.2406499,0.50623363
LinearAcceleration,409358043,-0.72798693,-0.7544728,0.13347675
Gyroscope,409358043,-0.20353208,0.23212777,0.59252006
LinearAcceleration,409358043,-0.8195652,-0.7270891,0.019752163
Gyroscope,409358044,-0.22483738,0.23958462,0.6873286
LinearAcceleration,409358044,-0.91623104,-0.64942724,-0.12704232
Gyroscope,409358044,-0.23335949,0.26834676,0.79918134
LinearAcceleration,409358044,-0.88286185,-0.6997054,-0.1237503
Gyroscope,409358045,-0.25786057,0.29604363,0.88972884
LinearAcceleration,409358045,-0.83138657,-0.53091425,-0.1592144
Gyroscope,409358045,-0.40593234,-0.20676117,1.3147694
LinearAcceleration,409358046,1.8170495,-1.0353426,0.88271224
Gyroscope,409358046,-0.37290913,-0.28772128,1.2987903
LinearAcceleration,409358046,1.8724154,-0.99269587,0.8295909
Gyroscope,409358047,-0.33242908,-0.3612245,1.2700282
LinearAcceleration,409358048,2.22152,-1.1700164,0.7794623
Gyroscope,409358063,-0.29727536,-0.44644567,1.1709586
LinearAcceleration,409358064,2.1516392,-1.1136031,0.50996494
Gyroscope,409358083,-0.24720792,-0.47733834,1.0708238
LinearAcceleration,409358083,1.8412907,-0.30750528,0.07496844
Gyroscope,409358103,-0.084222466,-0.42620564,1.1166302
LinearAcceleration,409358103,1.9526211,-0.90186584,0.20201077
Gyroscope,409358124,0.01165133,-0.37081188,1.1027817
LinearAcceleration,409358125,1.9348142,-1.4128783,0.07975684
Gyroscope,409358145,0.01910818,-0.31861395,1.0207564
LinearAcceleration,409358146,1.9011458,-1.230919,0.06344634
Gyroscope,409358165,0.056392435,-0.27387282,0.9451226
LinearAcceleration,409358166,1.8525136,-1.4610616,0.252289
Gyroscope,409358185,0.052131377,-0.23765384,0.8599014
LinearAcceleration,409358186,1.8728642,-1.6346412,0.36870706
Gyroscope,409358205,-6.657903E-5,-0.193978,0.78107184
LinearAcceleration,409358206,1.7766473,-1.2747627,0.3103484
Gyroscope,409358225,-0.016045546,-0.13325793,0.7491139
LinearAcceleration,409358226,1.7782934,-0.98222125,0.317531
Gyroscope,409358245,0.018042916,-0.07466838,0.7288739
LinearAcceleration,409358246,1.8489223,-0.9932944,0.43080667
Gyroscope,409358265,0.04360926,-0.036318857,0.67348015
LinearAcceleration,409358266,1.8463784,-0.91234046,0.4551976
Gyroscope,409358284,0.065979816,-0.018209364,0.5776063
LinearAcceleration,409358285,1.6470611,-0.6762124,0.30137014
Gyroscope,409358304,0.1266999,0.006291718,0.49984205
LinearAcceleration,409358306,1.4838065,-0.60663086,0.21188685
Gyroscope,409358325,0.20979051,0.042510707,0.45723146
LinearAcceleration,409358326,1.4428058,-0.8456021,0.31229368
Gyroscope,409358345,0.23961791,0.08086023,0.423143
LinearAcceleration,409358346,1.3368623,-0.92895025,0.374094
Gyroscope,409358365,0.23003054,0.11068763,0.36881453
LinearAcceleration,409358366,1.1336545,-0.98461545,0.25558102
Gyroscope,409358385,0.21724737,0.13944978,0.3091597
LinearAcceleration,409358386,1.0350434,-0.82719666,0.17372926
Gyroscope,409358405,0.22683474,0.15862453,0.25802702
LinearAcceleration,409358406,1.0585364,-0.820463,0.17477672
Gyroscope,409358424,0.2310958,0.16288559,0.22074276
LinearAcceleration,409358425,0.9741408,-0.81627315,0.17881694
Gyroscope,409358445,0.22683474,0.15862453,0.2047638
LinearAcceleration,409358446,0.9675568,-0.8885481,0.19826983
Gyroscope,409358465,0.2129863,0.14477609,0.19517642
LinearAcceleration,409358466,0.9334394,-0.95603466,0.20694882
Gyroscope,409358485,0.18955049,0.12453607,0.16961007
LinearAcceleration,409358486,0.8550293,-0.81387895,0.14694414
Gyroscope,409358504,0.18741997,0.11388343,0.14404373
LinearAcceleration,409358506,0.74399817,-0.732925,0.10399814
Gyroscope,409358524,0.20339893,0.11707922,0.120607905
LinearAcceleration,409358526,0.6594529,-0.5810428,0.11566987
Gyroscope,409358545,0.23322633,0.1266666,0.08119313
LinearAcceleration,409358546,0.6534674,-0.3597288,0.09861118
Gyroscope,409358564,0.28755483,0.13731924,0.025799373
LinearAcceleration,409358565,0.6075287,-0.35464114,0.16220717
Gyroscope,409358585,0.34401384,0.15436347,-0.027463848
LinearAcceleration,409358586,0.55231243,-0.39369655,0.112976395
Gyroscope,409358605,0.40047285,0.17353824,-0.09990183
LinearAcceleration,409358606,0.552911,0.024540568,0.17163433
Gyroscope,409358625,0.49954244,0.20123512,-0.15955664
LinearAcceleration,409358626,0.5660791,0.07885902,0.29029694
Gyroscope,409358645,0.59967726,0.22573619,-0.205363
LinearAcceleration,409358646,0.5940613,-0.319177,0.45579615
Gyroscope,409358665,0.63163525,0.23638883,-0.2650178
LinearAcceleration,409358666,0.47465047,-0.66229606,0.5316624
Gyroscope,409358685,0.61991733,0.2406499,-0.31828102
LinearAcceleration,409358686,0.3446154,-0.7396587,0.45085812
Gyroscope,409358705,0.5879594,0.2502373,-0.3459779
LinearAcceleration,409358706,0.22685061,-0.69805944,0.31304187
Gyroscope,409358725,0.55919725,0.26195517,-0.36621794
LinearAcceleration,409358727,0.099060096,-0.5259762,0.13213001
Gyroscope,409358745,0.55919725,0.27260783,-0.38965374
LinearAcceleration,409358746,-0.021098902,-0.36631286,0.055216275
Gyroscope,409358765,0.5868941,0.28645626,-0.38752323
LinearAcceleration,409358766,-0.0134673845,-0.59256494,0.11686697
Gyroscope,409358785,0.5762415,0.28965205,-0.41308957
LinearAcceleration,409358786,-0.19812019,-0.38771105,-0.011671733
Gyroscope,409358805,0.5932857,0.30243522,-0.46102646
LinearAcceleration,409358806,-0.32097265,-0.031573534,-0.0035913025
Gyroscope,409358825,0.6657237,0.3269363,-0.5057676
LinearAcceleration,409358826,-0.2769792,0.05940613,0.092775315
Gyroscope,409358845,0.72431326,0.3514374,-0.51642025
LinearAcceleration,409358846,-0.17447744,-0.3824737,0.3286042
Gyroscope,409358865,0.69448584,0.35782897,-0.50683284
LinearAcceleration,409358866,-0.17791912,-0.66828156,0.2650082
Gyroscope,409358885,0.62417835,0.34185,-0.51002866
LinearAcceleration,409358886,-0.12883797,-0.38441902,0.21218613
Gyroscope,409358905,0.5911552,0.31308788,-0.46954858
LinearAcceleration,409358906,-0.047285482,-0.47105917,0.1666963
Gyroscope,409358925,0.55067515,0.26941204,-0.43226433
LinearAcceleration,409358926,-0.09023148,-0.36750996,0.18270752
Gyroscope,409358945,0.5133909,0.22999725,-0.37154427
LinearAcceleration,409358946,-0.13227965,-0.519841,0.2709937
Gyroscope,409358965,0.44734448,0.20336564,-0.30017155
LinearAcceleration,409358966,-0.19363107,-0.48632222,0.20979193
Gyroscope,409358985,0.38555914,0.18525614,-0.24051674
LinearAcceleration,409358986,-0.27069443,-0.14425065,0.19871874
Gyroscope,409359005,0.3749065,0.17886455,-0.13931662
LinearAcceleration,409359006,-0.2789245,-0.23971945,0.17597382
Gyroscope,409359025,0.35892755,0.17566876,-0.04450808
LinearAcceleration,409359026,-0.1731307,0.021398177,0.19183542
Gyroscope,409359045,0.37703702,0.16927718,0.06734469
LinearAcceleration,409359046,-0.008529344,0.22101474,0.21787235
Gyroscope,409359065,0.4196476,0.15223294,0.14191319
LinearAcceleration,409359066,-0.14110826,0.65900403,0.13362639
Gyroscope,409359085,0.52084774,0.16608138,0.21009012
LinearAcceleration,409359086,-0.19946693,0.53330845,0.28072014
Gyroscope,409359105,0.60713416,0.20336564,0.2857239
LinearAcceleration,409359106,0.064493805,-0.14544775,0.48317984
Gyroscope,409359125,0.5815678,0.22040987,0.28465864
LinearAcceleration,409359126,0.1933318,-0.19677345,0.40402153
Gyroscope,409359145,0.537892,0.22999725,0.27720177
LinearAcceleration,409359146,0.30496144,-0.18121114,0.4611831
Gyroscope,409359165,0.5069993,0.23638883,0.28359336
LinearAcceleration,409359166,0.35778353,-0.22655134,0.39534256
Gyroscope,409359185,0.47291082,0.23851937,0.27294073
LinearAcceleration,409359186,0.46627077,0.20530279,0.34850597
Gyroscope,409359205,0.48888978,0.24171516,0.29105023
LinearAcceleration,409359206,0.581791,0.35942954,0.370802
Gyroscope,409359226,0.52617407,0.23212777,0.31235552
LinearAcceleration,409359227,0.63057286,0.2971803,0.43514615
Gyroscope,409359245,0.55919725,0.20443091,0.3027681
LinearAcceleration,409359246,0.6510732,0.6561609,0.23971945
Gyroscope,409359265,0.6646584,0.156494,0.22606908
LinearAcceleration,409359266,0.41404727,1.0501567,0.35075054
Gyroscope,409359285,0.8351007,0.14264557,0.2164817
LinearAcceleration,409359286,0.240318,0.13078327,0.69820905
Gyroscope,409359305,0.83403546,0.16182032,0.20582905
LinearAcceleration,409359306,0.048482586,-0.26755205,0.5978022
Gyroscope,409359325,0.74455327,0.20230037,0.1685448
LinearAcceleration,409359326,-0.11731588,0.09636662,0.45325232
Gyroscope,409359345,0.7189869,0.25982466,0.1834585
LinearAcceleration,409359346,-0.067336924,-0.24301147,0.5984008
Gyroscope,409359365,0.6806374,0.3088268,0.19198063
LinearAcceleration,409359366,0.17717093,-0.5470751,0.72439563
Gyroscope,409359385,0.58902466,0.34717634,0.18878484
LinearAcceleration,409359386,0.39130235,-0.38292262,0.6705261
Gyroscope,409359405,0.5176519,0.3865911,0.22606908
LinearAcceleration,409359406,0.60453594,-0.30810383,0.5873276
Gyroscope,409359425,0.47078028,0.41535327,0.2857239
LinearAcceleration,409359426,0.79487497,-0.5364508,0.5744588
Gyroscope,409359445,0.4079297,0.41748378,0.31661656
LinearAcceleration,409359446,0.995539,-0.6512229,0.55680156
Gyroscope,409359465,0.35253593,0.3993743,0.3251387
LinearAcceleration,409359466,1.1094133,-0.4938041,0.5163994
Gyroscope,409359485,0.32803488,0.378069,0.31235552
LinearAcceleration,409359486,1.0730513,-0.22535424,0.35987845
Gyroscope,409359505,0.3599928,0.37061214,0.29211548
LinearAcceleration,409359506,1.0726024,-0.30630818,0.37424365
Gyroscope,409359525,0.38555914,0.37167743,0.27613652
LinearAcceleration,409359526,1.0802339,-0.71796125,0.38965634
Gyroscope,409359545,0.36212334,0.3663511,0.24311331
LinearAcceleration,409359546,1.0705074,-0.8183681,0.3362357
Gyroscope,409359565,0.35466647,0.3450458,0.17919745
LinearAcceleration,409359566,1.0838252,-0.8728362,0.41165304
Gyroscope,409359585,0.35892755,0.32160997,0.1238037
LinearAcceleration,409359586,1.0998363,-1.1561002,0.51355624
Gyroscope,409359605,0.29181588,0.3152184,0.08012786
LinearAcceleration,409359606,1.0959458,-0.93807817,0.4587889
Gyroscope,409359625,0.23855266,0.31415313,0.03964781
LinearAcceleration,409359626,1.0362405,-0.68623805,0.3616741
Gyroscope,409359645,0.22790001,0.3098921,0.0044940845
LinearAcceleration,409359646,0.95708215,-1.0468647,0.40132806
Gyroscope,409359665,0.19700734,0.29497838,-0.050899666
LinearAcceleration,409359666,0.9151836,-0.931943,0.3060089
Gyroscope,409359685,0.20020314,0.25130254,-0.13292503
LinearAcceleration,409359686,0.8201637,-0.80071086,0.1782184
Gyroscope,409359705,0.22576948,0.19164772,-0.17660087
LinearAcceleration,409359706,0.76928693,-0.9192238,0.11058219
Gyroscope,409359726,0.22683474,0.11601395,-0.20962407
LinearAcceleration,409359727,0.6100725,-0.8764275,-0.0911293
Gyroscope,409359745,0.22576948,0.035053857,-0.21814618
LinearAcceleration,409359746,0.48841715,-0.9932944,-0.20994157
Gyroscope,409359765,0.21511683,-0.059754677,-0.24903885
LinearAcceleration,409359766,0.39384618,-1.1364976,-0.24914661
Gyroscope,409359785,0.17570205,-0.15562847,-0.31615052
LinearAcceleration,409359786,0.240318,-1.0257658,-0.26919806
Gyroscope,409359805,0.13096094,-0.23552331,-0.38326216
LinearAcceleration,409359806,0.08693945,-0.9681553,-0.29418755
Gyroscope,409359825,0.077697724,-0.29411286,-0.4397212
LinearAcceleration,409359826,0.019153614,-0.9410709,-0.19183542
Gyroscope,409359845,0.005259743,-0.3399192,-0.48020124
LinearAcceleration,409359846,0.036810853,-0.9400234,-0.086490534
Gyroscope,409359865,-0.09274458,-0.38679084,-0.5313339
LinearAcceleration,409359866,0.17881694,-0.5992986,0.059106853
Gyroscope,409359885,-0.1673131,-0.4453804,-0.57500976
LinearAcceleration,409359886,0.27518356,-0.37274727,0.14499883
Gyroscope,409359905,-0.22057632,-0.51036155,-0.6165551
LinearAcceleration,409359906,0.22939445,-0.053570263,0.1822586
Gyroscope,409359925,-0.23549002,-0.5625595,-0.6389256
LinearAcceleration,409359926,0.06703765,0.24346039,0.15292963
Gyroscope,409359945,-0.21098894,-0.5891911,-0.6229467
LinearAcceleration,409359946,-0.032172084,0.47135845,0.11267712
Gyroscope,409359965,-0.15985624,-0.6051701,-0.5643571
LinearAcceleration,409359966,0.18989012,0.23642741,0.2184709
Gyroscope,409359985,-0.14494254,-0.6403238,-0.5036371
LinearAcceleration,409359986,0.28820202,-0.23672669,0.32216978
Gyroscope,409360005,-0.18968365,-0.69465226,-0.48765808
LinearAcceleration,409360006,0.06943185,-0.274585,0.12554595
Gyroscope,409360025,-0.21098894,-0.73087126,-0.48978862
LinearAcceleration,409360026,-0.252289,-0.1050456,-0.0035913025
Gyroscope,409360045,-0.18861838,-0.7255449,-0.47167912
LinearAcceleration,409360046,-0.46612114,-0.185401,-0.07676409
Gyroscope,409360065,-0.18329206,-0.69252175,-0.44930857
LinearAcceleration,409360066,-0.61964935,-0.2753332,-0.09891046
Gyroscope,409360085,-0.19927102,-0.6456501,-0.43439487
LinearAcceleration,409360086,-0.77138186,-0.15457565,-0.1592144
Gyroscope,409360105,-0.20459735,-0.58493006,-0.40989378
LinearAcceleration,409360106,-0.85772276,-0.10519524,-0.15562311
Gyroscope,409360125,-0.19927102,-0.5199489,-0.37154427
LinearAcceleration,409360126,-0.81672204,-0.24181437,-0.16564883
Gyroscope,409360145,-0.21951105,-0.45922884,-0.33319473
LinearAcceleration,409360146,-0.7956231,-0.22580315,-0.20260932
Gyroscope,409360165,-0.24401213,-0.39531296,-0.26395255
LinearAcceleration,409360166,-0.9024644,-0.0398036,-0.24420857
Gyroscope,409360185,-0.24188161,-0.32820132,-0.1606219
LinearAcceleration,409360186,-0.88031805,-0.05701193,-0.09801263
Gyroscope,409360205,-0.22803317,-0.27600336,-0.058356516
LinearAcceleration,409360207,-0.8125322,-0.25423428,-0.04878186
Gyroscope,409360225,-0.24720792,-0.23445804,0.018342521
LinearAcceleration,409360236,-0.7278373,-0.040402155,-0.033967737
Gyroscope,409360244,-0.24720792,-0.19717379,0.092911035
LinearAcceleration,409360245,-0.55710083,-0.077811554,-0.0067336923
Gyroscope,409360263,-0.24188161,-0.17373797,0.12913002
LinearAcceleration,409360264,-0.36137483,0.038307227,0.023493104
Gyroscope,409360284,-0.22270684,-0.16628112,0.121673174
LinearAcceleration,409360284,-0.060303956,-0.13931261,0.20784664
Gyroscope,409360303,-0.2301637,-0.17693377,0.09717209
LinearAcceleration,409360304,0.22355859,-0.40043023,0.28640637
Gyroscope,409360324,-0.27703533,-0.2120875,0.043908868
LinearAcceleration,409360324,0.5895722,-0.34596214,0.40342298
Gyroscope,409360345,-0.31218904,-0.28772128,-0.018941734
LinearAcceleration,409360346,1.0305542,-0.33833063,0.46013564
Gyroscope,409360365,-0.344147,-0.4240751,-0.07753128
LinearAcceleration,409360367,1.6086043,-0.50233346,0.7074866
Gyroscope,409360385,-0.41445443,-0.64458483,-0.13505556
LinearAcceleration,409360386,2.2691047,-0.89692783,0.99523973
Gyroscope,409360405,-0.5508083,-0.9609684,-0.19897142
LinearAcceleration,409360406,2.8265047,-1.1070191,1.2900258
Gyroscope,409360425,-0.7372296,-1.3455288,-0.24797359
LinearAcceleration,409360426,2.8776808,-1.256507,1.4013562
Gyroscope,409360445,-0.9374993,-1.7332851,-0.2927147
LinearAcceleration,409360446,2.0498855,-0.99613756,1.1541549
Gyroscope,409360465,-1.0802447,-2.0251675,-0.28206205
LinearAcceleration,409360466,1.271321,-0.8797195,1.1338041
Gyroscope,409360485,-1.1920974,-2.2169151,-0.23412515
LinearAcceleration,409360486,0.5383961,-0.9130887,1.1622353
Gyroscope,409360505,-1.3146029,-2.31705,-0.24903885
LinearAcceleration,409360507,-0.45130703,-0.021398177,0.7814076
Gyroscope,409360525,-1.3039502,-2.29681,-0.24903885
LinearAcceleration,409360527,-0.9871593,0.580145,0.73277533
Gyroscope,409360545,-1.1889017,-2.1988056,-0.24690832
LinearAcceleration,409360546,-1.3130699,0.38411975,0.6792051
Gyroscope,409360565,-1.1100721,-2.0496686,-0.31615052
LinearAcceleration,409360566,-1.5667057,0.7384616,0.49889177
Gyroscope,409360585,-1.0003499,-1.8462031,-0.35876107
LinearAcceleration,409360586,-1.7500118,1.0398318,0.29463646
Gyroscope,409360605,-0.8501476,-1.6107796,-0.3821969
LinearAcceleration,409360606,-1.8400936,1.071106,0.13257892
Gyroscope,409360625,-0.6914232,-1.3647037,-0.39817587
LinearAcceleration,409360626,-1.6424223,1.0773908,0.22370823
Gyroscope,409360645,-0.54654723,-1.1452591,-0.41308957
LinearAcceleration,409360647,-1.395221,0.7674913,0.21592706
Gyroscope,409360665,-0.45386922,-0.96522945,-0.44717804
LinearAcceleration,409360667,-1.1011832,0.7740753,0.22565351
Gyroscope,409360685,-0.36012596,-0.8310061,-0.48552755
LinearAcceleration,409360687,-0.8240543,1.2735656,0.14724341
Gyroscope,409360705,-0.19181417,-0.74045867,-0.49831071
LinearAcceleration,409360706,-0.7447464,1.2108675,0.28431144
Gyroscope,409360725,-0.037350833,-0.653107,-0.46954858
LinearAcceleration,409360726,-0.68130004,0.7625532,0.21772271
Gyroscope,409360746,0.05106611,-0.5689511,-0.43119907
LinearAcceleration,409360747,-0.35419223,0.48033673,0.22670098
Gyroscope,409360765,0.107525125,-0.52207947,-0.41415483
LinearAcceleration,409360766,-0.17462708,0.44547117,0.13542204
Gyroscope,409360785,0.16398415,-0.50077415,-0.406698
LinearAcceleration,409360787,0.069731124,1.0884639,0.013916298
Gyroscope,409360805,0.31738222,-0.50929624,-0.4216117
LinearAcceleration,409360806,0.31334114,2.3256676,0.25977087
Gyroscope,409360825,0.62204784,-0.54551524,-0.40243694
LinearAcceleration,409360826,0.37199908,1.5412674,0.84605104
Gyroscope,409360845,0.80527335,-0.5764079,-0.39178428
LinearAcceleration,409360846,0.16385318,0.39624038,0.7966706
Gyroscope,409360865,0.8031428,-0.57747316,-0.40456745
LinearAcceleration,409360867,-0.14050971,-0.0026934769,0.5897218
Gyroscope,409360885,0.7701196,-0.5465805,-0.37687057
LinearAcceleration,409360886,-0.47854108,-0.74908584,0.3333926
Gyroscope,409360905,0.6774416,-0.48586044,-0.3790011
LinearAcceleration,409360906,-0.9235633,-0.9334394,-0.10639234
Gyroscope,409360925,0.57730675,-0.37826875,-0.36302215
LinearAcceleration,409360927,-1.1849802,-1.0030209,-0.36736032
Gyroscope,409360945,0.4793024,-0.23445804,-0.30656314
LinearAcceleration,409360946,-1.1647792,-1.4232032,-0.49126026
Gyroscope,409360965,0.3269696,-0.09277787,-0.24690832
LinearAcceleration,409360967,-1.1197382,-1.5355811,-0.47255555
Gyroscope,409360985,0.14907044,0.023335949,-0.20749354
LinearAcceleration,409360986,-0.832434,-1.3771149,-0.49649757
Gyroscope,409361005,0.013781859,0.075533904,-0.1936451
LinearAcceleration,409361006,-0.37095162,-1.1180922,-0.3465607
Gyroscope,409361025,-0.07250456,0.05742441,-0.22027671
LinearAcceleration,409361026,-0.22819735,-0.62129533,-0.36032736
Gyroscope,409361045,-0.10872355,0.03292333,-0.22240724
LinearAcceleration,409361046,-0.2825158,-0.24525604,-0.3672107
Gyroscope,409361065,-0.112984605,0.028662272,-0.17766613
LinearAcceleration,409361066,-0.274585,-0.26426002,-0.32875383
Gyroscope,409361085,-0.12470252,0.031858064,-0.14464293
LinearAcceleration,409361086,-0.28401217,-0.082300685,-0.2617162
Gyroscope,409361105,-0.114049874,0.03824965,-0.09670603
LinearAcceleration,409361106,-0.123451024,-0.24016836,-0.14350246
Gyroscope,409361125,-0.13535516,0.029727535,-0.060487047
LinearAcceleration,409361126,-0.0031423897,-0.19767128,-0.08723872
Gyroscope,409361145,-0.17796575,0.013748569,-0.0349207
LinearAcceleration,409361146,-0.06314707,0.037708677,-0.14829087
Gyroscope,409361165,-0.18968365,0.013748569,0.010885671
LinearAcceleration,409361166,-0.09831191,0.05581483,-0.12569559
Gyroscope,409361185,-0.18009627,0.018009627,0.037517283
LinearAcceleration,409361186,-0.07736264,0.0676362,-0.05431845
Gyroscope,409361205,-0.17157415,0.018009627,0.033256225
LinearAcceleration,409361206,-0.028580783,0.16774376,-0.044741645
Gyroscope,409361225,-0.15559518,0.023335949,0.034321487
LinearAcceleration,409361226,-0.065242,0.13572131,-0.024690205
Gyroscope,409361245,-0.13748568,0.035053857,0.037517283
LinearAcceleration,409361246,-0.102052845,0.081702136,-0.09292495
Gyroscope,409361266,-0.11724567,0.048902296,0.038582545
LinearAcceleration,409361267,-0.044292733,0.038905777,-0.041000705
Gyroscope,409361285,-0.098070905,0.051032823,0.033256225
LinearAcceleration,409361286,0.061650693,-0.05267244,-0.0047884034
Gyroscope,409361305,-0.098070905,0.041445445,0.016211992
LinearAcceleration,409361306,0.03007716,-0.051026423,-0.026186582
Gyroscope,409361325,-0.10659302,0.043575972,0.023668844
LinearAcceleration,409361326,0.0175076,-0.07631518,-0.08379706
Gyroscope,409361345,-0.116180405,0.04996756,0.037517283
LinearAcceleration,409361346,0.0199018,0.00808043,-0.12330139
Gyroscope,409361365,-0.10872355,0.05422862,0.044974133
LinearAcceleration,409361366,0.052373163,0.1038485,-0.042347442
Gyroscope,409361385,-0.086353,0.05529388,0.055626776
LinearAcceleration,409361387,0.020799628,-0.1261445,0.059705406
Gyroscope,409361405,-0.102331966,0.05742441,0.055626776
LinearAcceleration,409361406,-0.009576807,-0.097414084,0.052373163
Gyroscope,409361425,-0.12576778,0.07020758,0.062018365
LinearAcceleration,409361426,-0.045789108,-0.22071546,0.042197805
Gyroscope,409361445,-0.15346466,0.08299076,0.05456151
LinearAcceleration,409361446,-0.12779051,-0.087538,-0.054019175
Gyroscope,409361465,-0.15772572,0.10003499,0.035386752
LinearAcceleration,409361466,-0.20545243,0.04444237,-0.08963293
Gyroscope,409361485,-0.13535516,0.12027501,0.030060431
LinearAcceleration,409361486,-0.19198506,-0.1074398,-0.05581483
Gyroscope,409361505,-0.13215937,0.13199292,0.022603579
LinearAcceleration,409361507,-0.10639234,-0.09008184,0.022744916
Gyroscope,409361525,-0.13642043,0.13731924,0.030060431
LinearAcceleration,409361526,-0.0362123,-0.054767363,0.058957215
Gyroscope,409361545,-0.14068149,0.13305819,0.037517283
LinearAcceleration,409361547,-0.066738375,-0.12270284,0.04444237
Gyroscope,409361565,-0.15133412,0.13305819,0.0460394
LinearAcceleration,409361566,-0.097862996,-0.096815534,0.015562311
Gyroscope,409361585,-0.15346466,0.13518871,0.055626776
LinearAcceleration,409361587,-0.113574944,-0.11776479,0.07212532
Gyroscope,409361605,-0.14813833,0.13731924,0.06627942
LinearAcceleration,409361606,-0.11581951,-0.19632454,0.11148002
Gyroscope,409361625,-0.1641173,0.1415803,0.07160574
LinearAcceleration,409361627,-0.16370355,-0.093972415,0.055964466
Gyroscope,409361645,-0.17476994,0.15116768,0.09717209
LinearAcceleration,409361646,-0.11581951,-0.20380642,0.0887351
Gyroscope,409361665,-0.18861838,0.15010242,0.11741211
LinearAcceleration,409361666,-0.14275427,-0.36376902,0.11088146
Gyroscope,409361686,-0.21738052,0.13944978,0.120607905
LinearAcceleration,409361687,-0.18809447,-0.3000234,0.11058219
Gyroscope,409361705,-0.23762055,0.13412344,0.12913002
LinearAcceleration,409361707,-0.15667057,-0.1261445,0.085891984
Gyroscope,409361725,-0.23762055,0.1383845,0.16002269
LinearAcceleration,409361726,-0.08334815,-0.22041619,0.13123219
Gyroscope,409361745,-0.251469,0.13944978,0.18985009
LinearAcceleration,409361746,-0.08559271,-0.34805706,0.17612346
Gyroscope,409361766,-0.2812964,0.13625398,0.21328591
LinearAcceleration,409361767,-0.054767363,-0.42960957,0.17956513
Gyroscope,409361786,-0.31645012,0.122405544,0.21541645
LinearAcceleration,409361787,-0.019452889,-0.2877531,0.16924013
Gyroscope,409361806,-0.3292333,0.108557105,0.22180803
LinearAcceleration,409361807,-0.033069912,-0.122253925,0.18330607
Gyroscope,409361826,-0.3292333,0.10216552,0.24737437
LinearAcceleration,409361827,0.021547815,-0.20081367,0.2582745
Gyroscope,409361846,-0.34201646,0.094708666,0.26548386
LinearAcceleration,409361847,0.027084406,-0.044592008,0.17298107
Gyroscope,409361866,-0.3292333,0.08831708,0.27507126
LinearAcceleration,409361867,0.028431145,0.23074119,0.13841479
Gyroscope,409361886,-0.2653174,0.077664435,0.29424602
LinearAcceleration,409361887,0.111180745,-0.017208325,0.21472996
Gyroscope,409361906,-0.24188161,0.060620204,0.28785443
LinearAcceleration,409361907,0.06823475,-0.033069912,0.23014264
Gyroscope,409361926,-0.24188161,0.05955494,0.29211548
LinearAcceleration,409361927,0.015263036,-0.16295536,0.17537527
Gyroscope,409361946,-0.251469,0.063815996,0.29957232
LinearAcceleration,409361947,0.09950901,0.12389994,0.07287352
Gyroscope,409361966,-0.2269679,0.05742441,0.2793323
LinearAcceleration,409361967,0.0935235,0.623091,0.08574235
Gyroscope,409361986,-0.13215937,0.051032823,0.28998494
LinearAcceleration,409361987,0.19243397,0.30511108,0.20320787
Gyroscope,409362006,-0.07996141,0.033988595,0.2857239
LinearAcceleration,409362007,0.23044191,0.10938509,0.24854806
Gyroscope,409362025,-0.07250456,0.015879098,0.28039756
LinearAcceleration,409362027,0.28206688,0.02633622,0.20979193
Gyroscope,409362046,-0.07463509,-9.986854E-5,0.27720177
LinearAcceleration,409362047,0.24046764,0.11207857,0.14514847
Gyroscope,409362066,-0.067178234,-0.010752513,0.26228806
LinearAcceleration,409362067,0.17328034,0.38606504,0.024690205
Gyroscope,409362086,-0.022437133,-0.0022303974,0.25589648
LinearAcceleration,409362087,0.22445641,0.31768063,-0.016460137
Gyroscope,409362105,0.024434503,0.006291718,0.24098279
LinearAcceleration,409362107,0.2911948,0.10908581,0.033369187
Gyroscope,409362125,0.041478734,0.008422247,0.20156801
LinearAcceleration,409362127,0.2498948,0.18884265,-0.11626842
Gyroscope,409362145,0.06171876,0.027597006,0.1834585
LinearAcceleration,409362147,0.20201077,-0.011971008,-0.14290391
Gyroscope,409362165,0.07024087,0.046771765,0.16002269
LinearAcceleration,409362167,0.16609775,-0.25363573,-0.18016368
Gyroscope,409362186,0.054261908,0.058489677,0.11954264
LinearAcceleration,409362187,0.10220248,-0.010175358,-0.32680854
Gyroscope,409362205,0.056392435,0.08086023,0.103563674
LinearAcceleration,409362207,0.10923545,-0.004040215,-0.33354223
Gyroscope,409362225,0.06171876,0.10216552,0.103563674
LinearAcceleration,409362227,0.079457566,-0.15427637,-0.34326866
Gyroscope,409362245,0.045739792,0.11601395,0.10462894
LinearAcceleration,409362246,0.024839843,-0.30750528,-0.30855274
Gyroscope,409362265,0.016977651,0.119209744,0.103563674
LinearAcceleration,409362266,0.030376434,-0.31184477,-0.31932664
Gyroscope,409362286,-0.002197108,0.11068763,0.090780504
LinearAcceleration,409362287,-0.006584055,-0.1038485,-0.338181
Gyroscope,409362306,0.0020639498,0.11068763,0.109955266
LinearAcceleration,409362307,-0.051475335,-0.22744916,-0.26306292
Gyroscope,409362326,-0.014980281,0.119209744,0.13765214
LinearAcceleration,409362327,-0.02633622,-0.35164836,-0.16355391
Gyroscope,409362346,-0.0533298,0.122405544,0.1568269
LinearAcceleration,409362347,0.0,-0.11806407,-0.1858499
Gyroscope,409362366,-0.0682435,0.12453607,0.15576163
LinearAcceleration,409362367,-0.05312135,0.06344634,-0.13676877
Gyroscope,409362385,-0.0533298,0.13412344,0.16215321
LinearAcceleration,409362386,-0.085293435,0.07571663,-0.1189619
Gyroscope,409362406,-0.04161189,0.14477609,0.1717406
LinearAcceleration,409362407,0.063296705,-0.06075287,-0.0073322426
Gyroscope,409362426,-0.050134007,0.14477609,0.16641428
LinearAcceleration,409362427,0.142455,-0.020500353,0.01316811
Gyroscope,409362446,-0.06078665,0.13731924,0.1568269
LinearAcceleration,409362447,0.12240356,0.09127894,-0.026934769
Gyroscope,409362466,-0.052264538,0.13199292,0.15576163
LinearAcceleration,409362467,0.06479308,0.044292733,-0.019153614
Gyroscope,409362485,-0.054395065,0.13412344,0.15150058
LinearAcceleration,409362487,-0.010773907,0.0398036,0.019153614
Gyroscope,409362505,-0.056525595,0.14264557,0.14510898
LinearAcceleration,409362507,0.092176765,0.08125322,0.0398036
Gyroscope,409362526,-0.044807684,0.14051503,0.122738436
LinearAcceleration,409362527,0.15607202,0.28356326,-0.04189853
Gyroscope,409362544,-0.0032623722,0.13305819,0.11634685
LinearAcceleration,409362546,0.22490533,0.10938509,0.009876082
Gyroscope,409362564,0.014847123,0.119209744,0.10249841
LinearAcceleration,409362565,0.13572131,0.045489833,-0.067336924
Gyroscope,409362584,0.023369238,0.11601395,0.106759466
LinearAcceleration,409362585,0.11222821,-0.14634559,-0.08499416
Gyroscope,409362604,0.021238709,0.1117529,0.10249841
LinearAcceleration,409362604,0.14395137,-0.097414084,-0.17582418
Gyroscope,409362625,0.016977651,0.10216552,0.08225839
LinearAcceleration,409362626,0.084096335,0.080505036,-0.20724809
Gyroscope,409362647,0.031891353,0.10536131,0.08758471
LinearAcceleration,409362648,0.0043394906,-0.22939445,-0.14694414
Gyroscope,409362665,0.01165133,0.107491836,0.08225839
LinearAcceleration,409362667,-0.12360066,-0.37783495,-0.096216984
Gyroscope,409362686,-0.028828718,0.11494869,0.08225839
LinearAcceleration,409362687,-0.22131401,-0.20560206,-0.15831658
Gyroscope,409362706,-0.04906874,0.13518871,0.106759466
LinearAcceleration,409362707,-0.30810383,-0.08559271,-0.17103578
Gyroscope,409362726,-0.044807684,0.1596898,0.14830478
LinearAcceleration,409362727,-0.46178165,-0.2347814,-0.13272856
Gyroscope,409362746,-0.061851915,0.19058247,0.1866543
LinearAcceleration,409362747,-0.74429744,-0.3139397,-0.10938509
Gyroscope,409362765,-0.07889615,0.23532356,0.24737437
LinearAcceleration,409362767,-0.5102642,-0.4345476,0.03187281
Gyroscope,409362787,-0.11085408,0.2523678,0.29105023
LinearAcceleration,409362788,-0.39294836,-0.5690718,0.028281508
Gyroscope,409362806,-0.17050889,0.2555636,0.3059639
LinearAcceleration,409362807,-0.64014965,-0.3878607,-0.087687634
Gyroscope,409362826,-0.20566261,0.29071733,0.3485745
LinearAcceleration,409362827,-0.9895535,-0.56323594,-0.14110826
Gyroscope,409362846,-0.2482732,0.36209005,0.3997072
LinearAcceleration,409362847,-1.2838906,-0.6283283,-0.14649522
Gyroscope,409362866,-0.29088378,0.450507,0.47107992
LinearAcceleration,409362867,-0.9412205,-0.62578446,-0.017657237
Gyroscope,409362886,-0.31325433,0.4803344,0.5094294
LinearAcceleration,409362887,-0.5882254,-0.6084265,0.16938977
Gyroscope,409362906,-0.3473428,0.4686165,0.5030378
LinearAcceleration,409362907,-0.69820905,0.12270284,-0.045190558
Gyroscope,409362926,-0.30366695,0.49631336,0.58080214
LinearAcceleration,409362927,-0.7555203,0.25857377,0.10220248
Gyroscope,409362946,-0.23655528,0.54211974,0.70330757
LinearAcceleration,409362947,-0.5575497,-0.12360066,0.32606035
Gyroscope,409362966,-0.21738052,0.5517071,0.7832024
LinearAcceleration,409362967,0.1328782,-0.1654992,0.59510875
Gyroscope,409362986,-0.20459735,0.4771386,0.7885287
LinearAcceleration,409362987,0.5354034,-0.062249243,0.60812724
Gyroscope,409363006,-0.18968365,0.37380794,0.773615
LinearAcceleration,409363007,0.3752911,0.54064065,0.39878422
Gyroscope,409363026,-0.112984605,0.3152184,0.82048666
LinearAcceleration,409363027,0.26560676,0.51834464,0.3115455
Gyroscope,409363046,-0.01711081,0.27793413,0.8641625
LinearAcceleration,409363047,0.405069,0.17522563,0.33593643
Gyroscope,409363066,0.04360926,0.22467093,0.83326983
LinearAcceleration,409363067,0.39489365,0.1678934,0.24405894
Gyroscope,409363086,0.10645986,0.18099508,0.7863982
LinearAcceleration,409363087,0.3215712,0.07212532,0.15143326
Gyroscope,409363106,0.15546203,0.16182032,0.74804866
LinearAcceleration,409363107,0.39683893,0.20171149,-0.001496376
Gyroscope,409363126,0.20339893,0.16395086,0.71609074
LinearAcceleration,409363127,0.65915364,0.19916765,0.0070329676
Gyroscope,409363146,0.2460095,0.16395086,0.6788065
LinearAcceleration,409363147,0.93598324,0.019452889,0.050278235
Gyroscope,409363166,0.26624954,0.14797188,0.604238
LinearAcceleration,409363167,1.1373955,-0.1038485,0.033518825
Gyroscope,409363186,0.27264112,0.12879713,0.5126252
LinearAcceleration,409363187,1.2835914,0.02813187,-0.06284779
Gyroscope,409363206,0.28329375,0.122405544,0.43379566
LinearAcceleration,409363207,1.4700398,0.08693945,-0.06015432
Gyroscope,409363226,0.29607692,0.11814448,0.34750924
LinearAcceleration,409363227,1.6201264,0.019752163,-0.090381116
Gyroscope,409363246,0.28755483,0.10536131,0.24311331
LinearAcceleration,409363247,1.8426375,0.08125322,-0.051026423
Gyroscope,409363266,0.27477163,0.062750734,0.10143315
LinearAcceleration,409363267,1.7797897,0.065092355,-0.04818331
Gyroscope,409363286,0.2609232,0.006291718,-0.05196493
LinearAcceleration,409363287,1.6488568,0.2789245,-0.12539631
Gyroscope,409363307,0.2790327,-0.04164518,-0.18299246
LinearAcceleration,409363308,1.4847044,0.44113165,-0.09442133
Gyroscope,409363326,0.31631696,-0.07040732,-0.29697576
LinearAcceleration,409363327,1.2092215,0.37753567,-0.10250176
Gyroscope,409363346,0.35253593,-0.07786417,-0.41415483
LinearAcceleration,409363347,0.9222166,0.19512744,-0.07706337
Gyroscope,409363366,0.3834286,-0.06827679,-0.52281183
LinearAcceleration,409363367,0.6691794,-0.10534488,-0.10998364
Gyroscope,409363386,0.38555914,-0.04910203,-0.628273
LinearAcceleration,409363387,0.5434838,-0.2793734,-0.15966332
Gyroscope,409363406,0.37171072,-0.028862009,-0.71029836
LinearAcceleration,409363407,0.4659715,-0.36586395,-0.2645593
Gyroscope,409363426,0.34720963,-0.016078835,-0.7422563
LinearAcceleration,409363427,0.4568436,-0.5113117,-0.32770637
Gyroscope,409363446,0.3088601,-0.021405157,-0.7316036
LinearAcceleration,409363447,0.4635773,-0.78080904,-0.33294368
Gyroscope,409363466,0.24174845,-0.054428354,-0.7177552
LinearAcceleration,409363467,0.4551976,-0.91668,-0.3474585
Gyroscope,409363486,0.15226623,-0.098104194,-0.7081678
LinearAcceleration,409363487,0.40536827,-0.84006554,-0.405069
Gyroscope,409363506,0.060653493,-0.14178003,-0.68260145
LinearAcceleration,409363507,0.29343936,-0.6642413,-0.4417302
Gyroscope,409363526,-0.00752343,-0.18652114,-0.6591657
LinearAcceleration,409363527,0.16505028,-0.4504092,-0.42317516
Gyroscope,409363546,-0.039481364,-0.22593592,-0.6346646
LinearAcceleration,409363547,0.07167641,-0.46297875,-0.29463646
Gyroscope,409363566,-0.07889615,-0.25576332,-0.6133593
LinearAcceleration,409363567,-0.050128598,-0.6417957,-0.14993688
Gyroscope,409363586,-0.13961622,-0.27493808,-0.6144245
LinearAcceleration,409363587,-0.25797522,-0.56278706,-0.1719336
Gyroscope,409363606,-0.19074892,-0.27493808,-0.612294
LinearAcceleration,409363607,-0.4197335,-0.35269585,-0.18659809
Gyroscope,409363626,-0.21418473,-0.2568286,-0.596315
LinearAcceleration,409363627,-0.50248307,-0.29463646,-0.04878186
Gyroscope,409363646,-0.2301637,-0.24404542,-0.6005761
LinearAcceleration,409363647,-0.50278234,-0.4504092,0.0796072
Gyroscope,409363666,-0.2631869,-0.23765384,-0.6335993
LinearAcceleration,409363667,-0.5750573,-0.11836334,0.041748893
Gyroscope,409363686,-0.2685132,-0.21421802,-0.6335993
LinearAcceleration,409363687,-0.45489833,0.079457566,0.056563016
Gyroscope,409363706,-0.2450774,-0.19930431,-0.60590243
LinearAcceleration,409363707,-0.28461072,-0.040851068,0.22026655
Gyroscope,409363726,-0.2482732,-0.21634854,-0.6101635
LinearAcceleration,409363727,-0.3286042,0.17447744,0.14215572
Gyroscope,409363746,-0.23229423,-0.23978436,-0.6165551
LinearAcceleration,409363747,-0.39743748,0.21682489,0.097862996
Gyroscope,409363766,-0.19927102,-0.2568286,-0.612294
LinearAcceleration,409363767,-0.49200845,0.11252748,0.10040683
Gyroscope,409363786,-0.18861838,-0.2589591,-0.60164136
LinearAcceleration,409363787,-0.5283704,-0.014664485,0.11492168
Gyroscope,409363806,-0.19607523,-0.25256753,-0.58140135
LinearAcceleration,409363807,-0.55695117,-0.048482586,0.124049574
Gyroscope,409363827,-0.21098894,-0.24404542,-0.5675529
LinearAcceleration,409363828,-0.60588264,0.002244564,0.049829323
Gyroscope,409363846,-0.20672788,-0.23765384,-0.5537045
LinearAcceleration,409363847,-0.59510875,0.06943185,-0.057909753
Gyroscope,409363866,-0.18861838,-0.23126225,-0.519616
LinearAcceleration,409363867,-0.5734113,0.12090719,-0.05551555
Gyroscope,409363886,-0.17476994,-0.2238054,-0.4599612
LinearAcceleration,409363887,-0.58987147,-0.10339958,0.11971009
Gyroscope,409363906,-0.18968365,-0.22700119,-0.41735062
LinearAcceleration,409363907,-0.64568627,-0.23672669,0.13991116
Gyroscope,409363926,-0.2184458,-0.22700119,-0.3821969
LinearAcceleration,409363927,-0.6947674,-0.17627311,0.122253925
Gyroscope,409363946,-0.22803317,-0.21741381,-0.3246726
LinearAcceleration,409363947,-0.6253356,-0.12644377,0.11941081
Gyroscope,409363966,-0.23335949,-0.20782644,-0.26714835
LinearAcceleration,409363967,-0.5828385,-0.080505036,0.16579847
Gyroscope,409363986,-0.23335949,-0.193978,-0.2234725
LinearAcceleration,409363987,-0.5995979,-0.050128598,0.1842039
Gyroscope,409364006,-0.22483738,-0.16628112,-0.19471036
LinearAcceleration,409364007,-0.504578,0.15622166,0.17417817
Gyroscope,409364026,-0.20353208,-0.13432318,-0.1787314
LinearAcceleration,409364027,-0.36945525,0.20679916,0.08738836
Gyroscope,409364046,-0.17476994,-0.115148425,-0.18086192
LinearAcceleration,409364047,-0.17477672,0.1189619,0.14050971
Gyroscope,409364066,-0.15772572,-0.12580107,-0.21388513
LinearAcceleration,409364067,0.057909753,0.102651395,0.16729484
Gyroscope,409364086,-0.15133412,-0.16734639,-0.2383862
LinearAcceleration,409364087,0.38441902,0.15532383,0.24974516
Gyroscope,409364106,-0.1492036,-0.2387191,-0.2447778
LinearAcceleration,409364107,0.4352958,0.044891283,0.2777274
Gyroscope,409364126,-0.16305204,-0.32713604,-0.27034414
LinearAcceleration,409364127,0.13811551,0.034117375,0.08664017
Gyroscope,409364146,-0.17370468,-0.37720346,-0.27993152
LinearAcceleration,409364148,-0.18001404,0.03935469,-0.0035913025
Gyroscope,409364166,-0.1673131,-0.37720346,-0.25862622
LinearAcceleration,409364167,-0.3187281,-0.058807578,-0.018704701
Gyroscope,409364186,-0.17370468,-0.34844133,-0.24584305
LinearAcceleration,409364187,-0.42227733,-0.11776479,-0.054019175
Gyroscope,409364206,-0.18329206,-0.30370024,-0.24903885
LinearAcceleration,409364207,-0.49709612,-0.056712653,-0.11911154
Gyroscope,409364226,-0.18329206,-0.25150228,-0.25862622
LinearAcceleration,409364227,-0.4559458,0.11162966,-0.14544775
Gyroscope,409364246,-0.15879098,-0.19610852,-0.25436518
LinearAcceleration,409364247,-0.30391398,0.14305355,-0.1599626
Gyroscope,409364266,-0.13961622,-0.15030216,-0.24264726
LinearAcceleration,409364267,-0.15143326,0.07870938,-0.14514847
Gyroscope,409364286,-0.13215937,-0.12686634,-0.23305988
LinearAcceleration,409364288,-0.04878186,-0.0815525,-0.12868834
Gyroscope,409364306,-0.13428989,-0.12047475,-0.23305988
LinearAcceleration,409364308,0.04563947,-0.16475101,-0.13841479
Gyroscope,409364327,-0.14281201,-0.12473581,-0.23305988
LinearAcceleration,409364328,0.066139825,-0.21667525,-0.12943652
Gyroscope,409364346,-0.1641173,-0.12580107,-0.23199461
LinearAcceleration,409364347,-0.017956512,-0.12779051,-0.13078327
Gyroscope,409364366,-0.17157415,-0.115148425,-0.22134197
LinearAcceleration,409364367,0.0034416649,-0.11971009,-0.10220248
Gyroscope,409364386,-0.17370468,-0.10875684,-0.2266683
LinearAcceleration,409364387,-0.0034416649,-0.11133038,-0.054019175
Gyroscope,409364406,-0.179031,-0.11088737,-0.2383862
LinearAcceleration,409364407,0.058358666,-0.10848726,-0.04249708
Gyroscope,409364426,-0.18435733,-0.11940949,-0.24584305
LinearAcceleration,409364427,0.028281508,-0.086490534,-0.007930793
Gyroscope,409364446,-0.18861838,-0.12473581,-0.23945147
LinearAcceleration,409364447,0.0032920274,-0.06374562,0.009127894
Gyroscope,409364466,-0.19074892,-0.12367054,-0.2266683
LinearAcceleration,409364467,-0.013766659,-0.070778586,0.031124622
Gyroscope,409364486,-0.1971405,-0.12260528,-0.22453777
LinearAcceleration,409364487,-0.07796119,0.05925649,0.0053869537
Gyroscope,409364506,-0.18648785,-0.117278956,-0.23199461
LinearAcceleration,409364507,-0.20545243,0.19602527,-0.11866262
Gyroscope,409364526,-0.15666045,-0.0949084,-0.22560303
LinearAcceleration,409364527,-0.1945289,0.06958149,-0.120458275
Gyroscope,409364546,-0.13748568,-0.07040732,-0.21388513
LinearAcceleration,409364547,-0.10938509,-0.057909753,-0.084096335
Gyroscope,409364566,-0.13642043,-0.059754677,-0.21708092
LinearAcceleration,409364567,-0.03546411,-0.10100538,-0.072574235
Gyroscope,409364586,-0.13855095,-0.05868941,-0.22879882
LinearAcceleration,409364587,-0.13661914,-0.06404489,-0.09696517
Gyroscope,409364606,-0.13748568,-0.05123256,-0.22560303
LinearAcceleration,409364607,-0.19348143,-0.08903438,-0.058209028
Gyroscope,409364626,-0.15026887,-0.021405157,-0.1968409
LinearAcceleration,409364627,-0.23672669,-0.06494272,0.02633622
Gyroscope,409364646,-0.17157415,0.026531743,-0.1574261
LinearAcceleration,409364647,-0.25004444,0.08200141,0.013916298
Gyroscope,409364666,-0.179031,0.07127285,-0.14464293
LinearAcceleration,409364667,-0.19348143,0.30765492,-0.049081136
Gyroscope,409364686,-0.13642043,0.093643405,-0.15849137
LinearAcceleration,409364687,-0.078410104,0.19572599,-0.022445641
Gyroscope,409364706,-0.08848353,0.08831708,-0.19257984
LinearAcceleration,409364707,-0.021547815,-0.026186582,0.051026423
Gyroscope,409364726,-0.07463509,0.07659917,-0.22027671
LinearAcceleration,409364728,-0.030825347,0.04833295,0.08215105
Gyroscope,409364746,-0.07996141,0.06594653,-0.23199461
LinearAcceleration,409364747,-0.06299743,0.15622166,0.03815759
Gyroscope,409364766,-0.07356983,0.058489677,-0.23625568
LinearAcceleration,409364767,-0.115969144,0.13796587,-0.057760116
Gyroscope,409364786,-0.051199272,0.046771765,-0.23945147
LinearAcceleration,409364787,-0.12449849,-0.027084406,-0.044741645
Gyroscope,409364806,-0.04800348,0.027597006,-0.2564957
LinearAcceleration,409364807,-0.16115971,-0.047285482,-0.07631518
Gyroscope,409364827,-0.058656123,0.023335949,-0.24690832
LinearAcceleration,409364828,-0.16026187,-0.08080431,-0.045789108
Gyroscope,409364846,-0.0682435,0.035053857,-0.21388513
LinearAcceleration,409364847,-0.18330607,-0.2947861,0.06928221
Gyroscope,409364866,-0.10765829,0.046771765,-0.20429774
LinearAcceleration,409364867,-0.1738789,-0.14604631,0.08723872
Gyroscope,409364886,-0.1278983,0.06168547,-0.19471036
LinearAcceleration,409364887,-0.13916297,0.08843583,0.048033673
Gyroscope,409364906,-0.10765829,0.079794966,-0.1755356
LinearAcceleration,409364907,-0.052223526,0.008529344,0.067935474
Gyroscope,409364926,-0.07783088,0.08725181,-0.16914402
LinearAcceleration,409364927,0.017058687,-0.0688333,0.09382278
Gyroscope,409364946,-0.06078665,0.08512129,-0.17447034
LinearAcceleration,409364947,0.0827496,-0.18884265,0.19048867
Gyroscope,409364966,-0.059721388,0.07233811,-0.18405771
LinearAcceleration,409364967,0.09202713,-0.24929625,0.14694414
Gyroscope,409364986,-0.06611297,0.05955494,-0.17766613
LinearAcceleration,409364987,0.10803835,-0.3549404,0.2439093
Gyroscope,409365006,-0.086353,0.04038018,-0.16381769
LinearAcceleration,409365007,0.100257196,-0.2220622,0.22729953
Gyroscope,409365026,-0.10659302,0.022270685,-0.15636085
LinearAcceleration,409365027,0.04818331,-0.08304887,0.11941081
Gyroscope,409365046,-0.098070905,0.0116180405,-0.14357767
LinearAcceleration,409365047,-0.063296705,-0.09487024,0.062099606
Gyroscope,409365066,-0.086353,0.013748569,-0.13292503
LinearAcceleration,409365067,-0.16639702,-0.32216978,0.11312603
Gyroscope,409365086,-0.09913617,0.031858064,-0.12866397
LinearAcceleration,409365087,-0.21652561,-0.1619079,0.076015905
Gyroscope,409365106,-0.112984605,0.05955494,-0.116946064
LinearAcceleration,409365107,-0.08215105,0.11058219,0.093373865
Gyroscope,409365126,-0.1012667,0.07446864,-0.09990183
LinearAcceleration,409365127,-0.010175358,0.020799628,0.07347207
Gyroscope,409365146,-0.09061406,0.07127285,-0.0977713
LinearAcceleration,409365147,0.037259765,-0.014664485,0.03441665
Gyroscope,409365166,-0.085287735,0.05742441,-0.09564077
LinearAcceleration,409365167,0.029029695,-0.07631518,0.041599255
Gyroscope,409365186,-0.086353,0.046771765,-0.07540075
LinearAcceleration,409365187,0.06658874,-0.22909518,0.16490065
Gyroscope,409365206,-0.10765829,0.035053857,-0.06687863
LinearAcceleration,409365207,-0.01690905,-0.09307459,0.07511808
Gyroscope,409365226,-0.11085408,0.031858064,-0.060487047
LinearAcceleration,409365227,-0.09726445,0.018405426,-0.0537199
Gyroscope,409365246,-0.086353,0.045706503,-0.05409546
LinearAcceleration,409365247,-0.11162966,-0.054917,-0.045938745
Gyroscope,409365266,-0.061851915,0.060620204,-0.05196493
LinearAcceleration,409365267,-0.088585466,-0.20515315,0.027234044
Gyroscope,409365286,-0.07570035,0.07659917,-0.06155231
LinearAcceleration,409365287,-0.1352724,-0.1491887,0.01436521
Gyroscope,409365306,-0.09167932,0.10003499,-0.06368284
LinearAcceleration,409365307,-0.09412205,-0.15622166,0.0053869537
Gyroscope,409365327,-0.11085408,0.11707922,-0.07113969
LinearAcceleration,409365328,-0.08215105,-0.041000705,0.042347442
Gyroscope,409365346,-0.116180405,0.12560134,-0.08072707
LinearAcceleration,409365347,-0.11611878,0.18974048,0.010324995
Gyroscope,409365366,-0.09167932,0.1298624,-0.08392286
LinearAcceleration,409365367,-0.06284779,0.2551321,0.049530048
Gyroscope,409365386,-0.05546033,0.12027501,-0.09031445
LinearAcceleration,409365388,-0.023343466,0.26111764,0.088585466
Gyroscope,409365406,-0.023502396,0.1117529,-0.07113969
LinearAcceleration,409365407,0.007631518,0.19482817,0.10130466
Gyroscope,409365426,-0.0011318434,0.10110025,-0.053030197
LinearAcceleration,409365428,-0.04249708,0.19138649,-0.004638766
Gyroscope,409365446,0.025499767,0.09577393,-0.0349207
LinearAcceleration,409365447,-0.03247136,-0.058807578,-0.012719196
Gyroscope,409365466,0.034021884,0.093643405,-0.017876469
LinearAcceleration,409365468,-0.0074818805,-0.22340895,0.060303956
Gyroscope,409365486,0.0063250074,0.08938234,-0.01574594
LinearAcceleration,409365487,-0.03007716,-0.04743512,-0.011522096
Gyroscope,409365506,-0.0032623722,0.08831708,-0.016811205
LinearAcceleration,409365508,-0.080056116,0.055365913,-0.14963761
Gyroscope,409365526,0.009520801,0.08938234,-0.020006998
LinearAcceleration,409365528,-0.056114104,-0.120458275,-0.01690905
Gyroscope,409365546,-6.657903E-5,0.08831708,-0.026398584
LinearAcceleration,409365548,-0.11581951,-0.07631518,-0.045340195
Gyroscope,409365566,-0.022437133,0.09577393,-0.035985965
LinearAcceleration,409365568,-0.27144262,0.39534256,-0.31124622
Gyroscope,409365586,0.012716594,0.1298624,-0.004028031
LinearAcceleration,409365587,-0.19542672,0.19812019,-0.31094694
Gyroscope,409365606,0.034021884,0.15862453,0.025799373
LinearAcceleration,409365608,0.038307227,-0.19318216,-0.11058219
Gyroscope,409365626,0.005259743,0.156494,0.031125695
LinearAcceleration,409365627,0.15322891,-0.3019687,0.055964466
Gyroscope,409365647,-0.040546626,0.13731924,0.040713076
LinearAcceleration,409365648,0.23463176,-0.1794155,0.11327567
Gyroscope,409365666,-0.070374034,0.107491836,0.05669204
LinearAcceleration,409365667,0.317531,0.038007952,0.05746084
Gyroscope,409365686,-0.06291718,0.06914232,0.07267101
LinearAcceleration,409365687,0.4297592,0.14454992,0.028880058
Gyroscope,409365706,-0.03415504,0.02120542,0.074801534
LinearAcceleration,409365708,0.49559975,0.077213004,0.0851438
Gyroscope,409365726,-0.012849752,-0.037384123,0.05882257
LinearAcceleration,409365728,0.52747256,0.076614454,0.06958149
Gyroscope,409365746,-6.657903E-5,-0.098104194,0.03219096
LinearAcceleration,409365748,0.4433762,0.12240356,-0.022595279
Gyroscope,409365766,0.023369238,-0.14391057,0.034321487
LinearAcceleration,409365767,0.42916065,-0.15457565,0.032920275
Gyroscope,409365786,0.01910818,-0.18226008,0.025799373
LinearAcceleration,409365787,0.17627311,-0.26426002,0.0134673845
Gyroscope,409365806,-0.0064581656,-0.19504327,0.009820406
LinearAcceleration,409365808,-0.07990648,-0.19318216,-0.047734395
Gyroscope,409365827,-0.02456766,-0.17160743,0.010885671
LinearAcceleration,409365828,-0.22610243,-0.12524667,-0.07586627
Gyroscope,409365846,-0.040546626,-0.12899686,0.006624613
LinearAcceleration,409365848,-0.23942018,0.065541275,-0.13272856
Gyroscope,409365867,-0.030959247,-0.0799947,0.006624613
LinearAcceleration,409365868,-0.16475101,-0.027982233,-0.06374562
Gyroscope,409365887,-0.020306604,-0.044840973,0.0055593485
LinearAcceleration,409365888,-0.02184709,-0.15128362,0.02932897
Gyroscope,409365914,-0.029893983,-0.028862009,-0.004028031
LinearAcceleration,409365915,0.114173494,-0.1189619,0.05701193
Gyroscope,409365926,-0.029893983,-0.02673148,-0.016811205
LinearAcceleration,409365928,0.16130935,-0.09636662,-0.029628245
Gyroscope,409365946,-0.028828718,-0.024600951,-0.020006998
LinearAcceleration,409365947,0.0028431145,-0.041748893,0.056114104
Gyroscope,409365967,-0.039481364,-0.016078835,-0.033855435
LinearAcceleration,409365968,-0.08424597,-0.22849663,0.05626374
Gyroscope,409365987,-0.035220306,0.006291718,-0.05409546
LinearAcceleration,409365988,0.11956045,-0.52388126,0.14170681
Gyroscope,409366007,-0.04800348,0.023335949,-0.070074424
LinearAcceleration,409366008,0.36272156,-0.62967503,0.3907038
Gyroscope,409366026,-0.1012667,0.031858064,-0.06794389
LinearAcceleration,409366027,0.5377976,-0.5924153,0.45100775
Gyroscope,409366047,-0.14281201,0.0073569827,-0.06900916
LinearAcceleration,409366048,0.84979194,-0.60827684,0.648679
Gyroscope,409366067,-0.17263941,-0.08319049,-0.13612083
LinearAcceleration,409366068,0.82345575,-0.3506009,0.6100725
Gyroscope,409366087,-0.19074892,-0.2025001,-0.2266683
LinearAcceleration,409366088,0.5777508,0.16849194,0.45624506
Gyroscope,409366107,-0.15026887,-0.30050445,-0.2628873
LinearAcceleration,409366108,0.21502924,0.25198972,0.28116906
Gyroscope,409366127,-0.10765829,-0.3612245,-0.25862622
LinearAcceleration,409366128,-0.03127426,0.40013096,0.21308395
Gyroscope,409366147,-0.07783088,-0.3857256,-0.21814618
LinearAcceleration,409366148,-0.13317747,0.514903,0.18450317
Gyroscope,409366167,-0.036285568,-0.39211717,-0.16488296
LinearAcceleration,409366168,-0.20440497,0.5662287,0.011821371
Gyroscope,409366187,0.016977651,-0.38785613,-0.12014186
LinearAcceleration,409366188,-0.31019875,0.5328595,-0.11851298
Gyroscope,409366207,0.07663246,-0.3644203,-0.072204955
LinearAcceleration,409366208,-0.33518824,0.35090017,-0.29613283
Gyroscope,409366227,0.1053946,-0.32074445,-0.038116492
LinearAcceleration,409366228,-0.3422212,0.28880057,-0.39414546
Gyroscope,409366247,0.12883042,-0.26428545,-0.013615411
LinearAcceleration,409366248,-0.30810383,0.052223526,-0.40761283
Gyroscope,409366267,0.1266999,-0.21102223,-0.022137526
LinearAcceleration,409366268,-0.3196259,-0.018704701,-0.4237737
Gyroscope,409366287,0.11178619,-0.1609548,-0.04876914
LinearAcceleration,409366288,-0.3660136,0.038905777,-0.4950012
Gyroscope,409366307,0.10113354,-0.11195263,-0.084988125
LinearAcceleration,409366308,-0.43754035,0.17447744,-0.557849
Gyroscope,409366327,0.10432933,-0.061885204,-0.10629342
LinearAcceleration,409366328,-0.3633201,0.15801731,-0.4997896
Gyroscope,409366347,0.10219881,-0.018209364,-0.0977713
LinearAcceleration,409366348,-0.21757308,0.07915829,-0.34880525
Gyroscope,409366366,0.090480894,0.012683305,-0.074335486
LinearAcceleration,409366367,-0.14260463,-0.012270284,-0.24405894
Gyroscope,409366387,0.079828255,0.0307928,-0.050899666
LinearAcceleration,409366388,-0.055216275,-0.11626842,-0.14454992
Gyroscope,409366407,0.058522966,0.0307928,-0.053030197
LinearAcceleration,409366408,-0.14769232,0.04743512,-0.10998364
Gyroscope,409366427,0.035087146,0.022270685,-0.10948921
LinearAcceleration,409366428,-0.5636849,0.74863696,-0.5479729
Gyroscope,409366447,0.096872486,0.052098088,-0.14783873
LinearAcceleration,409366448,-0.8219594,0.7803601,-0.70718735
Gyroscope,409366467,0.2129863,0.12453607,-0.08392286
LinearAcceleration,409366468,-0.4918588,-0.46806642,-0.25573066
Gyroscope,409366487,0.17676732,0.18632141,-0.025333319
LinearAcceleration,409366488,-0.24765024,-1.0853215,-0.10938509
Gyroscope,409366507,0.045739792,0.24171516,0.04177834
LinearAcceleration,409366508,0.103698865,-1.0794857,0.0025438394
Gyroscope,409366527,-0.06611297,0.2704773,0.11847738
LinearAcceleration,409366528,0.5376479,-1.1950059,0.16205753
Gyroscope,409366547,-0.1758352,0.23319304,0.11954264
LinearAcceleration,409366548,0.83048874,-0.9208698,0.27368718
Gyroscope,409366567,-0.271709,0.14584136,0.04710466
LinearAcceleration,409366568,0.63401455,-0.07466917,0.07915829
Gyroscope,409366587,-0.27916586,0.07446864,0.010885671
LinearAcceleration,409366588,0.41689038,0.3895067,0.01616086
Gyroscope,409366607,-0.2184458,0.027597006,0.023668844
LinearAcceleration,409366608,0.33234513,0.19153613,0.1834557
Gyroscope,409366626,-0.18009627,-0.016078835,0.025799373
LinearAcceleration,409366627,0.21338323,0.076015905,0.26830024
Gyroscope,409366647,-0.16305204,-0.044840973,0.035386752
LinearAcceleration,409366648,0.13572131,0.022894554,0.26066872
Gyroscope,409366667,-0.15239939,-0.059754677,0.05882257
LinearAcceleration,409366668,0.064493805,0.19198506,0.15816694
Gyroscope,409366687,-0.12150672,-0.065081,0.076932065
LinearAcceleration,409366688,0.09950901,0.32680854,0.18195933
Gyroscope,409366707,-0.07250456,-0.073603116,0.07267101
LinearAcceleration,409366708,0.07975684,0.35538933,0.06314707
Gyroscope,409366727,-0.037350833,-0.0799947,0.042843603
LinearAcceleration,409366728,-0.08948329,0.57041854,-0.10699089
Gyroscope,409366747,0.018042916,-0.06827679,0.027929902
LinearAcceleration,409366748,-0.23059155,0.51116204,-0.20186113
Gyroscope,409366767,0.06917561,-0.050167296,0.010885671
LinearAcceleration,409366768,-0.31902736,0.3486556,-0.21083939
Gyroscope,409366786,0.096872486,-0.019274628,-0.0072238245
LinearAcceleration,409366788,-0.46507367,0.30406362,-0.2641104
Gyroscope,409366807,0.11604724,0.027597006,2.330266E-4
LinearAcceleration,409366808,-0.4712088,0.25378537,-0.34476504
Gyroscope,409366827,0.13202621,0.07446864,0.015146729
LinearAcceleration,409366828,-0.35718498,0.22071546,-0.37618893
Gyroscope,409366847,0.14267886,0.11388343,0.040713076
LinearAcceleration,409366848,-0.24525604,0.100257196,-0.38411975
Gyroscope,409366867,0.14907044,0.14690663,0.08119313
LinearAcceleration,409366868,-0.054617725,-0.16714521,-0.23777416
Gyroscope,409366887,0.11498198,0.1596898,0.10036788
LinearAcceleration,409366888,0.045789108,-0.08259996,-0.26949733
Gyroscope,409366907,0.08835037,0.16395086,0.11208579
LinearAcceleration,409366908,0.10534488,0.015861586,-0.22146365
Gyroscope,409366927,0.07556719,0.16714665,0.12593423
LinearAcceleration,409366928,0.07152677,-0.090979666,-0.046088383
Gyroscope,409366947,0.06278402,0.16927718,0.121673174
LinearAcceleration,409366948,-0.023792379,-0.22146365,0.14948797
Gyroscope,409366967,0.03295662,0.18206035,0.09930262
LinearAcceleration,409366968,-0.3286042,0.1592144,-0.022595279
Gyroscope,409366987,0.039348204,0.21508354,0.04710466
LinearAcceleration,409366988,-0.77362645,0.81163436,-0.56563014
Gyroscope,409367007,0.1650494,0.3066963,0.052430984
LinearAcceleration,409367008,-0.777517,0.06374562,-0.5565023
Gyroscope,409367027,0.26518425,0.41535327,0.122738436
LinearAcceleration,409367028,-0.1213561,-1.5646108,0.16624738
Gyroscope,409367047,0.109655656,0.47287753,0.09610683
LinearAcceleration,409367048,0.20485388,-1.5629648,0.35209727
Gyroscope,409367067,-0.084222466,0.50163966,0.074801534
LinearAcceleration,409367068,0.4854244,-1.0287585,0.43439797
Gyroscope,409367087,-0.19394471,0.49098703,0.05882257
LinearAcceleration,409367088,0.7353192,-0.47614688,0.42901102
Gyroscope,409367107,-0.23762055,0.43133223,-8.322378E-4
LinearAcceleration,409367108,0.82719666,0.38606504,0.3434183
Gyroscope,409367127,-0.1673131,0.35037214,-0.046638608
LinearAcceleration,409367128,0.7425018,0.7615058,0.3645172
Gyroscope,409367147,-0.052264538,0.27793413,-0.087118655
LinearAcceleration,409367148,0.43843818,0.9072528,0.32246906
Gyroscope,409367167,0.056392435,0.249172,-0.10416289
LinearAcceleration,409367168,0.14933833,0.84709847,0.33833063
Gyroscope,409367187,0.15439676,0.25769413,-0.10735868
LinearAcceleration,409367188,0.09861118,0.48811787,0.3060089
Gyroscope,409367207,0.21405157,0.27260783,-0.10522815
LinearAcceleration,409367208,0.036511578,0.30166942,0.18390462
Gyroscope,409367227,0.25453162,0.29604363,-0.0828576
LinearAcceleration,409367228,0.023942016,0.14065935,0.09442133
Gyroscope,409367247,0.27157584,0.32587105,-0.0498344
LinearAcceleration,409367248,-0.0067336923,-0.0676362,-0.04504092
Gyroscope,409367267,0.2673148,0.35782897,-0.041312285
LinearAcceleration,409367268,-0.0796072,-0.007631518,-0.15682021
Gyroscope,409367287,0.26944533,0.39085218,-0.053030197
LinearAcceleration,409367288,-0.0815525,0.07706337,-0.23732524
Gyroscope,409367307,0.28435904,0.41002694,-0.0828576
LinearAcceleration,409367308,0.016759412,0.12599486,-0.16026187
Gyroscope,409367328,0.29927272,0.41002694,-0.118011326
LinearAcceleration,409367329,0.031573534,0.0947206,-0.2311901
Gyroscope,409367347,0.30779484,0.4057659,-0.12227238
LinearAcceleration,409367348,0.16505028,-0.07676409,-0.20724809
Gyroscope,409367367,0.29075062,0.3844606,-0.12120712
LinearAcceleration,409367368,0.28805238,-0.06194997,-0.23343466
Gyroscope,409367387,0.2673148,0.35250264,-0.11481553
LinearAcceleration,409367388,0.3417723,-0.12075755,-0.26830024
Gyroscope,409367407,0.24068318,0.31415313,-0.100967094
LinearAcceleration,409367409,0.29328972,-0.327856,-0.18360534
Gyroscope,409367427,0.20020314,0.27793413,-0.09990183
LinearAcceleration,409367428,0.14065935,-0.28161797,-0.21039048
Gyroscope,409367447,0.15120097,0.2672815,-0.100967094
LinearAcceleration,409367448,-0.049679685,-0.04743512,-0.2693477
Gyroscope,409367467,0.13202621,0.2885868,-0.09137972
LinearAcceleration,409367468,-0.13452421,0.057311203,-0.29777884
Gyroscope,409367487,0.135222,0.32160997,-0.09564077
LinearAcceleration,409367488,-0.13108255,-0.041748893,-0.2570774
Gyroscope,409367507,0.13628727,0.34185,-0.12546818
LinearAcceleration,409367508,0.05805939,-2.992752E-4,-0.18330607
Gyroscope,409367527,0.1384178,0.3333279,-0.13505556
LinearAcceleration,409367528,0.37813422,0.12794015,-0.07571663
Gyroscope,409367560,0.14800517,0.28112993,-0.112685
LinearAcceleration,409367573,0.6619968,0.054468088,0.054168813
Gyroscope,409367574,0.14587465,0.18099508,-0.08179233
LinearAcceleration,409367576,0.8535329,-0.06120178,0.1110311
Gyroscope,409367586,0.12563463,0.060620204,-0.05409546
LinearAcceleration,409367586,0.7564181,-0.07287352,0.0073322426
Gyroscope,409367606,0.10326407,-0.052297827,-0.025333319
LinearAcceleration,409367606,0.69686234,-0.25647885,0.08215105
Gyroscope,409367625,0.059588227,-0.15988953,-0.021072261
LinearAcceleration,409367626,0.43709144,-0.1726818,-0.06703765
Gyroscope,409367645,0.01910818,-0.2387191,-0.030659642
LinearAcceleration,409367646,0.08304887,0.2379238,-0.15682021
Gyroscope,409367665,0.034021884,-0.28239495,-0.018941734
LinearAcceleration,409367666,-0.18450317,0.034267012,-0.12764087
Gyroscope,409367687,0.042544,-0.29304758,-0.022137526
LinearAcceleration,409367688,-0.41599256,-0.27593175,-0.037110128
Gyroscope,409367707,0.044674527,-0.25576332,0.0076898774
LinearAcceleration,409367708,-0.42676646,-0.58074355,0.07332243
Gyroscope,409367727,0.010586065,-0.20356537,0.022603579
LinearAcceleration,409367728,-0.40117842,-0.48886606,0.089184016
Gyroscope,409367747,-0.0384161,-0.15882427,-0.013615411
LinearAcceleration,409367748,-0.46657005,-0.26485857,-0.0043394906
Gyroscope,409367767,-0.04906874,-0.10875684,-0.046638608
LinearAcceleration,409367768,-0.40252516,-0.36496612,0.03561375
Gyroscope,409367787,-0.06611297,-0.056558885,-0.053030197
LinearAcceleration,409367788,-0.26201546,-0.42272624,0.11746552
Gyroscope,409367807,-0.09913617,-0.015013571,-0.055160724
LinearAcceleration,409367808,-0.16160862,-0.38157588,0.14873978
Gyroscope,409367828,-0.13322464,0.008422247,-0.060487047
LinearAcceleration,409367829,-0.101454295,-0.2172738,0.13377602
Gyroscope,409367847,-0.14068149,0.018009627,-0.06900916
LinearAcceleration,409367848,0.032022446,-0.2136825,0.1261445
Gyroscope,409367867,-0.13961622,0.015879098,-0.06368284
LinearAcceleration,409367868,0.14036007,-0.20784664,0.22116438
Gyroscope,409367887,-0.13961622,0.0041611893,-0.04450808
LinearAcceleration,409367888,0.2057517,-0.08948329,0.2371756
Gyroscope,409367907,-0.14387728,-0.0118177775,-0.026398584
LinearAcceleration,409367908,0.12868834,0.3163339,0.06494272
Gyroscope,409367927,-0.11085408,-0.0075567197,0.014081464
LinearAcceleration,409367928,0.13018471,0.43200377,-0.027982233
Gyroscope,409367947,-0.059721388,0.0041611893,0.052430984
LinearAcceleration,409367948,0.21353287,0.16460137,-0.004040215
Gyroscope,409367967,-0.037350833,0.009487512,0.059887834
LinearAcceleration,409367968,0.3184288,0.03815759,0.0712275
Gyroscope,409367987,-0.03202451,-9.986854E-5,0.04177834
LinearAcceleration,409367988,0.3669114,-2.992752E-4,0.045938745
Gyroscope,409368007,-0.023502396,-0.023535686,-0.0050932956
LinearAcceleration,409368008,0.36990416,0.050278235,0.025887307
Gyroscope,409368027,-0.005392901,-0.052297827,-0.05622599
LinearAcceleration,409368028,0.30855274,0.0923264,-0.06988076
Gyroscope,409368047,0.008455536,-0.084255755,-0.100967094
LinearAcceleration,409368049,0.22176293,0.08723872,-0.142455
Gyroscope,409368067,0.018042916,-0.10875684,-0.12653343
LinearAcceleration,409368068,0.1352724,-0.077213004,-0.12644377
Gyroscope,409368087,0.012716594,-0.13006213,-0.148904
LinearAcceleration,409368088,-0.024241293,0.03815759,-0.19153613
Gyroscope,409368106,0.010586065,-0.13432318,-0.15209979
LinearAcceleration,409368106,-0.14350246,0.093972415,-0.2645593
Gyroscope,409368845,0.018042916,-0.12367054,-0.13718608
LinearAcceleration,409368851,-0.20545243,0.025139118,-0.2570774
Gyroscope,409368852,0.009520801,-0.10769158,-0.12546818
LinearAcceleration,409368853,-0.24181437,0.005087679,-0.2741361
Gyroscope,409368854,9.986854E-4,-0.08851682,-0.10842395
LinearAcceleration,409368854,-0.24226329,-0.005087679,-0.23373394
Gyroscope,409368855,-0.008588694,-0.06827679,-0.09351024
LinearAcceleration,409368855,-0.23627777,0.022445641,-0.15711948
Gyroscope,409368855,-0.0096539585,-0.05336309,-0.08179233
LinearAcceleration,409368856,-0.17612346,-0.015861586,-0.08619126
Gyroscope,409368856,-0.037350833,0.10323078,-0.022137526
LinearAcceleration,409368856,-7.48188E-4,-0.67770875,0.2781763
Gyroscope,409368857,0.094741955,-0.19610852,-0.08392286
LinearAcceleration,409368857,-0.12943652,0.036810853,-0.44726682
Gyroscope,409368858,0.07663246,-0.20143485,-0.06687863
LinearAcceleration,409368858,-0.112377845,-0.0043394906,-0.43769
Gyroscope,409368858,0.059588227,-0.20889169,-0.05729125
LinearAcceleration,409368859,-0.2124854,-0.13991116,-0.42422262
Gyroscope,409368866,0.028695561,-0.20889169,-0.06687863
LinearAcceleration,409368866,-0.39130235,0.23193829,-0.60064536
Gyroscope,409368886,0.042544,-0.17480324,-0.08072707
LinearAcceleration,409368886,-0.5364508,0.6015432,-0.717662
Gyroscope,409368906,0.12776515,-0.115148425,-0.09670603
LinearAcceleration,409368906,-0.3700538,0.21188685,-0.43828854
Gyroscope,409368926,0.15120097,-0.06614626,-0.12972923
LinearAcceleration,409368926,-0.20021512,-0.07915829,-0.21862054
Gyroscope,409368946,0.11178619,-0.042710446,-0.16168717
LinearAcceleration,409368946,-0.04189853,0.04623802,-0.15801731
Gyroscope,409368966,0.08195878,-0.04164518,-0.16381769
LinearAcceleration,409368966,0.0023942017,0.17687166,-0.21383214
Gyroscope,409368987,0.077697724,-0.052297827,-0.14357767
LinearAcceleration,409368988,0.015562311,0.25139117,-0.22864626
Gyroscope,409369007,0.078762986,-0.069342054,-0.11907659
LinearAcceleration,409369009,-0.05207389,0.23508067,-0.24076691
Gyroscope,409369027,0.08302405,-0.0799947,-0.09137972
LinearAcceleration,409369028,-0.16564883,0.24555531,-0.30092123
Gyroscope,409369047,0.094741955,-0.084255755,-0.072204955
LinearAcceleration,409369049,-0.25692776,0.093972415,-0.32650927
Gyroscope,409369067,0.092611425,-0.07786417,-0.06794389
LinearAcceleration,409369068,-0.3847183,0.1261445,-0.39399582
Gyroscope,409369087,0.094741955,-0.04910203,-0.0498344
LinearAcceleration,409369088,-0.41554365,0.024690205,-0.39878422
Gyroscope,409369107,0.0872851,-0.008621984,-0.025333319
LinearAcceleration,409369108,-0.4688146,-0.052822076,-0.41285014
Gyroscope,409369127,0.07343667,0.037184387,-0.013615411
LinearAcceleration,409369128,-0.48392802,0.009277532,-0.4417302
Gyroscope,409369147,0.063849285,0.08512129,-0.004028031
LinearAcceleration,409369148,-0.4321534,-0.03172317,-0.4475661
Gyroscope,409369167,0.053196643,0.12879713,0.0023635554
LinearAcceleration,409369169,-0.3544915,-0.06808511,-0.34671032
Gyroscope,409369187,0.038282942,0.16075505,0.017277258
LinearAcceleration,409369189,-0.24615386,-0.14873978,-0.28042087
Gyroscope,409369207,0.012716594,0.17673403,0.028995166
LinearAcceleration,409369208,-0.22984336,-2.992752E-4,-0.26800096
Gyroscope,409369227,9.986854E-4,0.19164772,0.05136572
LinearAcceleration,409369229,-0.16744448,0.09876082,-0.2463035
Gyroscope,409369247,0.0020639498,0.20336564,0.07160574
LinearAcceleration,409369249,-0.10684125,0.16609775,-0.1702876
Gyroscope,409369267,0.010586065,0.2108225,0.091845766
LinearAcceleration,409369269,-0.017806875,-0.009127894,-0.012569559
Gyroscope,409369287,0.008455536,0.20443091,0.09504156
LinearAcceleration,409369288,0.025887307,-0.033069912,0.012270284
Gyroscope,409369307,-0.0011318434,0.19271299,0.08758471
LinearAcceleration,409369309,-0.029179333,0.14036007,-0.021996727
Gyroscope,409369327,0.01165133,0.18312562,0.092911035
LinearAcceleration,409369329,-0.095169514,0.1237503,-0.0017956513
Gyroscope,409369347,0.026565032,0.1682119,0.07054048
LinearAcceleration,409369348,-0.22700025,0.027832596,0.08439561
Gyroscope,409369367,0.048935585,0.16927718,0.05456151
LinearAcceleration,409369368,-0.33653498,-0.043544542,0.065242
Gyroscope,409369387,0.0574577,0.19484352,0.06521416
LinearAcceleration,409369389,-0.27742812,-0.044741645,0.086490534
Gyroscope,409369407,0.063849285,0.2225404,0.08545418
LinearAcceleration,409369409,-0.14395137,-0.29732993,0.13661914
Gyroscope,409369427,0.04787032,0.23638883,0.10036788
LinearAcceleration,409369429,0.13437457,-0.45729253,0.31543607
Gyroscope,409369447,0.01165133,0.22360566,0.11315106
LinearAcceleration,409369449,0.33488896,-0.49889177,0.45819035
Gyroscope,409369468,-0.03202451,0.17566876,0.10889
LinearAcceleration,409369469,0.42721537,-0.44202948,0.514903
Gyroscope,409369487,-0.054395065,0.10216552,0.08545418
LinearAcceleration,409369489,0.3568857,-0.11791443,0.5008371
Gyroscope,409369507,-0.042677157,0.0307928,0.06734469
LinearAcceleration,409369508,0.20141222,0.13631986,0.42841247
Gyroscope,409369528,-0.0043276367,-0.016078835,0.07373627
LinearAcceleration,409369529,0.011073183,0.1328782,0.37948096
Gyroscope,409369548,0.038282942,-0.038449388,0.091845766
LinearAcceleration,409369549,-0.0899322,-0.035913024,0.3820248
Gyroscope,409369567,0.05532717,-0.038449388,0.10036788
LinearAcceleration,409369569,-0.19931729,0.048632223,0.29673138
Gyroscope,409369588,0.065979816,-0.015013571,0.11528158
LinearAcceleration,409369589,-0.21428105,0.1604115,0.2475006
Gyroscope,409369608,0.08941563,0.01907489,0.13765214
LinearAcceleration,409369609,-0.11791443,0.09292495,0.19437926
Gyroscope,409369627,0.110720925,0.042510707,0.13658687
LinearAcceleration,409369628,-0.061501056,0.13078327,0.11207857
Gyroscope,409369648,0.135222,0.05955494,0.121673174
LinearAcceleration,409369649,-0.001496376,0.10878654,-0.050278235
Gyroscope,409369667,0.1565273,0.07233811,0.107824735
LinearAcceleration,409369669,0.08259996,-1.496376E-4,-0.14110826
Gyroscope,409369687,0.15759255,0.077664435,0.092911035
LinearAcceleration,409369689,0.20365678,-0.18764555,-0.16355391
Gyroscope,409369707,0.13948306,0.06914232,0.07799733
LinearAcceleration,409369709,0.3096002,-0.22729953,-0.1818097
Gyroscope,409369728,0.11178619,0.044641238,0.05882257
LinearAcceleration,409369729,0.41090485,-0.11776479,-0.16220717
Gyroscope,409369747,0.096872486,0.008422247,0.044974133
LinearAcceleration,409369749,0.49649757,-0.058508303,-0.12240356
Gyroscope,409369768,0.08835037,-0.038449388,0.036452018
LinearAcceleration,409369769,0.5758055,0.058508303,-0.13497312
Gyroscope,409369787,0.08941563,-0.086386286,0.037517283
LinearAcceleration,409369789,0.5919664,0.0047884034,-0.11058219
Gyroscope,409369808,0.08941563,-0.13645372,0.04177834
LinearAcceleration,409369809,0.6239888,-0.09935937,-0.07062895
Gyroscope,409369828,0.078762986,-0.18971694,0.022603579
LinearAcceleration,409369829,0.52866966,0.015861586,-0.0537199
Gyroscope,409369848,0.079828255,-0.23339278,-0.0050932956
LinearAcceleration,409369849,0.3878607,-0.05641338,-0.0935235
Gyroscope,409369867,0.07450193,-0.2621549,-0.046638608
LinearAcceleration,409369869,0.22969373,-0.22984336,-0.07930793
Gyroscope,409369888,0.058522966,-0.27919915,-0.09670603
LinearAcceleration,409369889,0.12030864,-0.12988544,-0.1563713
Gyroscope,409369907,0.04360926,-0.2802644,-0.12972923
LinearAcceleration,409369909,0.05117606,0.010773907,-0.17567454
Gyroscope,409369928,0.041478734,-0.27706861,-0.15209979
LinearAcceleration,409369929,-0.04369418,-0.011821371,-0.20231004
Gyroscope,409369947,0.041478734,-0.27706861,-0.17766613
LinearAcceleration,409369948,-0.08723872,0.011522096,-0.23298575
Gyroscope,409369968,0.046805054,-0.27600336,-0.19044931
LinearAcceleration,409369969,-0.1273416,-0.0038905777,-0.23178865
Gyroscope,409369988,0.046805054,-0.27600336,-0.18512298
LinearAcceleration,409369989,-0.16400282,-0.052822076,-0.2558803
Gyroscope,409370007,0.037217677,-0.27280757,-0.16807875
LinearAcceleration,409370009,-0.19871874,-0.017357962,-0.28790274
Gyroscope,409370028,0.024434503,-0.26641598,-0.15103452
LinearAcceleration,409370029,-0.2841618,-0.048033673,-0.3254618
Gyroscope,409370046,0.012716594,-0.24617594,-0.12972923
LinearAcceleration,409370048,-0.33488896,-0.09412205,-0.32411507
Gyroscope,409370067,0.0031292143,-0.2206096,-0.103097625
LinearAcceleration,409370067,-0.32650927,-0.24794951,-0.24166474
Gyroscope,409370087,-0.033089776,-0.1907822,-0.088183925
LinearAcceleration,409370087,-0.3067571,-0.044292733,-0.26081836
Gyroscope,409370106,-0.04906874,-0.1545632,-0.05622599
LinearAcceleration,409370107,-0.22505496,-0.087687634,-0.24809915
Gyroscope,409370126,-0.058656123,-0.12580107,-0.041312285
LinearAcceleration,409370127,-0.12838906,-0.062698156,-0.21158758
Gyroscope,409370147,-0.06611297,-0.10769158,-0.04237755
LinearAcceleration,409370147,-0.05581483,-0.032022446,-0.16415246
Gyroscope,409370168,-0.071439296,-0.09703893,-0.043442816
LinearAcceleration,409370169,-0.025887307,0.02813187,-0.10175357
Gyroscope,409370188,-0.071439296,-0.09064735,-0.046638608
LinearAcceleration,409370189,0.0019452889,0.048482586,-0.11671733
Gyroscope,409370208,-0.06291718,-0.08958208,-0.053030197
LinearAcceleration,409370209,0.031573534,0.1400608,-0.09292495
Gyroscope,409370228,-0.046938214,-0.09171261,-0.055160724
LinearAcceleration,409370229,0.041000705,0.11088146,-0.05865794
Gyroscope,409370248,-0.035220306,-0.0949084,-0.06155231
LinearAcceleration,409370249,0.010025719,0.14036007,-0.09307459
Gyroscope,409370268,-0.023502396,-0.09384314,-0.06794389
LinearAcceleration,409370269,-0.038905777,0.12195465,-0.11671733
Gyroscope,409370288,-0.0096539585,-0.087451555,-0.072204955
LinearAcceleration,409370289,-0.014065935,0.11656769,-0.13871406
Gyroscope,409370308,0.0031292143,-0.0799947,-0.07327022
LinearAcceleration,409370309,0.009576807,0.10070611,-0.16056114
Gyroscope,409370328,0.01910818,-0.07679891,-0.07327022
LinearAcceleration,409370329,0.018854339,-0.019003976,-0.15682021
Gyroscope,409370348,0.018042916,-0.0799947,-0.087118655
LinearAcceleration,409370349,-0.005985504,0.13781624,-0.23986909
Gyroscope,409370368,0.029760825,-0.085321024,-0.09137972
LinearAcceleration,409370369,0.051774614,0.033069912,-0.2391209
Gyroscope,409370387,0.034021884,-0.09703893,-0.09457551
LinearAcceleration,409370389,0.050727148,-0.027982233,-0.1770213
Gyroscope,409370408,0.020173445,-0.10875684,-0.089249186
LinearAcceleration,409370409,-0.017657237,-0.05117606,-0.21024084
Gyroscope,409370428,-0.0096539585,-0.104495786,-0.07646601
LinearAcceleration,409370429,-0.1491887,0.22490533,-0.35254622
Gyroscope,409370448,-0.0032623722,-0.07892944,-0.05196493
LinearAcceleration,409370449,-0.20410569,0.09756372,-0.3760393
Gyroscope,409370468,0.008455536,-0.05123256,-0.055160724
LinearAcceleration,409370470,-0.22610243,-0.044143096,-0.3163339
Gyroscope,409370487,-0.0011318434,-0.025666215,-0.07113969
LinearAcceleration,409370489,-0.17163433,-0.14694414,-0.24076691
Gyroscope,409370507,-0.021371868,-0.005426191,-0.07327022
LinearAcceleration,409370509,-0.11552023,-0.2009633,-0.19198506
Gyroscope,409370528,-0.050134007,0.006291718,-0.072204955
LinearAcceleration,409370529,-0.15682021,-0.03546411,-0.197372
Gyroscope,409370548,-0.05546033,0.015879098,-0.058356516
LinearAcceleration,409370549,-0.13227965,0.08080431,-0.22490533
Gyroscope,409370568,-0.050134007,0.028662272,-0.039181758
LinearAcceleration,409370569,-0.11312603,0.09501988,-0.21697453
Gyroscope,409370588,-0.042677157,0.036119122,-0.026398584
LinearAcceleration,409370589,-0.12195465,-0.08738836,-0.14829087
Gyroscope,409370608,-0.0533298,0.042510707,-0.030659642
LinearAcceleration,409370609,-0.1770213,0.10684125,-0.19871874
Gyroscope,409370627,-0.051199272,0.05955494,-0.01574594
LinearAcceleration,409370629,-0.12360066,0.004938041,-0.16071078
Gyroscope,409370648,-0.04800348,0.07233811,-0.009354353
LinearAcceleration,409370649,-0.06823475,-0.10010756,-0.12988544
Gyroscope,409370668,-0.056525595,0.07446864,-0.022137526
LinearAcceleration,409370669,-0.073621705,0.09307459,-0.23074119
Gyroscope,409370688,-0.044807684,0.08618655,-0.012550146
LinearAcceleration,409370689,-0.041150343,0.11671733,-0.23223756
Gyroscope,409370708,-0.039481364,0.106426574,0.023668844
LinearAcceleration,409370709,0.046387658,-0.23388357,-0.023792379
Gyroscope,409370728,-0.069308765,0.10962237,0.026864637
LinearAcceleration,409370729,0.020201078,-0.4209306,0.13257892
Gyroscope,409370748,-0.11085408,0.106426574,0.011950935
LinearAcceleration,409370749,-0.024839843,-0.25782558,0.1894412
Gyroscope,409370768,-0.13535516,0.11068763,0.0044940845
LinearAcceleration,409370769,-0.108936176,-0.044592008,0.18405426
Gyroscope,409370788,-0.13002884,0.123470806,0.001298291
LinearAcceleration,409370789,-0.2057517,0.17717093,0.1945289
Gyroscope,409370808,-0.09274458,0.1415803,-0.010419617
LinearAcceleration,409370809,-0.29792848,0.33429042,0.2045546
Gyroscope,409370828,-0.04161189,0.16927718,-0.020006998
LinearAcceleration,409370829,-0.33952773,0.31349078,0.1690905
Gyroscope,409370848,0.0063250074,0.20336564,-0.0082890885
LinearAcceleration,409370849,-0.21039048,0.103249945,0.28401217
Gyroscope,409370868,0.027630296,0.22147514,0.0034288198
LinearAcceleration,409370869,-0.11192893,0.14335282,0.24480712
Gyroscope,409370888,0.05000085,0.23212777,0.028995166
LinearAcceleration,409370889,0.055365913,-0.017058687,0.2805705
Gyroscope,409370908,0.06811035,0.22893198,0.062018365
LinearAcceleration,409370909,0.20066403,-0.29972413,0.40895957
Gyroscope,409370928,0.054261908,0.20336564,0.06308363
LinearAcceleration,409370929,0.34042555,-0.4897639,0.52373165
Gyroscope,409370948,0.020173445,0.16075505,0.037517283
LinearAcceleration,409370949,0.40686464,-0.19393034,0.47105917
Gyroscope,409370968,0.021238709,0.11707922,0.034321487
LinearAcceleration,409370969,0.51804537,-0.09950901,0.49470192
Gyroscope,409370988,0.046805054,0.06168547,0.03219096
LinearAcceleration,409370990,0.6109703,-0.24600422,0.59495914
Gyroscope,409371008,0.05106611,-0.009687249,0.008755142
LinearAcceleration,409371009,0.6151602,-0.20245968,0.6349124
Gyroscope,409371028,0.06171876,-0.08105996,-0.009354353
LinearAcceleration,409371029,0.55844754,-0.13751696,0.61112
Gyroscope,409371048,0.079828255,-0.14391057,-0.02320279
LinearAcceleration,409371049,0.43305123,-0.108337626,0.5517139
Gyroscope,409371068,0.096872486,-0.193978,-0.047703873
LinearAcceleration,409371069,0.24570495,-0.06254852,0.4559458
Gyroscope,409371088,0.11604724,-0.23126225,-0.084988125
LinearAcceleration,409371089,0.046686932,-0.013766659,0.36990416
Gyroscope,409371108,0.13309148,-0.24830648,-0.12546818
LinearAcceleration,409371109,-0.19318216,0.035314474,0.18570027
Gyroscope,409371128,0.16078834,-0.24404542,-0.15209979
LinearAcceleration,409371129,-0.3612252,0.20320787,0.032621
Gyroscope,409371148,0.19274628,-0.21315275,-0.14996926
LinearAcceleration,409371149,-0.39923313,0.3338415,-0.08499416
Gyroscope,409371168,0.23216106,-0.17054218,-0.118011326
LinearAcceleration,409371169,-0.26680386,0.25258827,-0.11192893
Gyroscope,409371188,0.25346637,-0.14178003,-0.088183925
LinearAcceleration,409371189,-0.11387422,0.14335282,-0.088585466
Gyroscope,409371208,0.2577274,-0.13432318,-0.070074424
LinearAcceleration,409371209,0.034267012,0.14185645,-0.10010756
Gyroscope,409371228,0.26305375,-0.1428453,-0.058356516
LinearAcceleration,409371229,0.07227496,0.17971477,-0.09591771
Gyroscope,409371248,0.2790327,-0.15562847,-0.053030197
LinearAcceleration,409371249,0.062099606,0.36197338,-0.1225532
Gyroscope,409371268,0.3237738,-0.15775901,-0.070074424
LinearAcceleration,409371269,0.033668462,1.2165537,-0.21562779
Gyroscope,409371288,0.47504136,-0.15030216,-0.13292503
LinearAcceleration,409371289,0.07092822,2.145055,-0.05207389
Gyroscope,409371308,0.76266277,-0.13325793,-0.20216721
LinearAcceleration,409371309,0.06658874,2.8486512,-0.0073322426
Gyroscope,409371328,1.1408316,-0.11940949,-0.28525785
LinearAcceleration,409371329,0.28805238,3.2263365,0.42841247
Gyroscope,409371348,1.5605458,-0.1279316,-0.34491265
LinearAcceleration,409371349,0.5316624,2.7510874,0.74175364
Gyroscope,409371368,1.9131483,-0.16308533,-0.41735062
LinearAcceleration,409371369,0.6072294,2.4108114,1.018284
Gyroscope,409371388,2.2103572,-0.21102223,-0.47167912
LinearAcceleration,409371389,0.76180506,1.8522143,1.2255319
Gyroscope,409371408,2.4287362,-0.27600336,-0.48978862
LinearAcceleration,409371409,0.8370728,0.7190087,1.4490906
Gyroscope,409371428,2.50437,-0.34844133,-0.47274438
LinearAcceleration,409371429,0.6319196,-0.67770875,1.2758102
Gyroscope,409371448,2.3967783,-0.39957404,-0.4812665
LinearAcceleration,409371449,0.25303718,-1.5248072,0.89228904
Gyroscope,409371468,2.1965086,-0.4038351,-0.47167912
LinearAcceleration,409371469,0.03561375,-1.8929157,0.4918588
Gyroscope,409371489,1.9664116,-0.38146454,-0.46102646
LinearAcceleration,409371490,-0.07212532,-2.2059577,0.22505496
Gyroscope,409371508,1.7299229,-0.35696346,-0.45356962
LinearAcceleration,409371509,-0.08843583,-2.3524528,-0.04504092
Gyroscope,409371529,1.4913036,-0.3441803,-0.4663528
LinearAcceleration,409371534,-0.14215572,-2.024148,-0.24226329
Gyroscope,409371548,1.2920991,-0.33246237,-0.45889595
LinearAcceleration,409371552,-0.21083939,-1.8405426,-0.41045594
Gyroscope,409371569,1.1152653,-0.30689603,-0.44717804
LinearAcceleration,409371570,-0.320823,-1.5346833,-0.5849334
Gyroscope,409371587,0.9682588,-0.2621549,-0.42267695
LinearAcceleration,409371589,-0.43110594,-1.3096284,-0.6729203
Gyroscope,409371798,0.84362286,-0.20036958,-0.38326216
LinearAcceleration,409371799,-0.3429694,-1.2542624,-0.7365163
Gyroscope,409371799,0.7136606,-0.14710636,-0.3651527
LinearAcceleration,409371800,-0.31289223,-0.94451255,-0.7314286
Gyroscope,409371800,0.614591,-0.09916946,-0.3470432
LinearAcceleration,409371801,-0.22071546,-0.89109194,-0.5364508
Gyroscope,409371801,0.52297825,-0.056558885,-0.33426002
LinearAcceleration,409371801,-0.22714989,-0.8916905,-0.413748
Gyroscope,409371802,0.42177814,-0.013948306,-0.3438474
LinearAcceleration,409371802,-0.19692309,-0.643741,-0.4381389
Gyroscope,409371803,0.35253593,0.03292333,-0.34171686
LinearAcceleration,409371803,-0.13976152,-0.5494693,-0.33249477
Gyroscope,409371804,0.30672958,0.06594653,-0.3491737
LinearAcceleration,409371804,-0.059106853,-0.42242697,-0.2515408
Gyroscope,409371804,0.26838005,0.08086023,-0.3672832
LinearAcceleration,409371805,-0.009876082,-0.30451253,-0.2475006
Gyroscope,409371805,0.2460095,0.091512874,-0.36195686
LinearAcceleration,409371806,-0.020799628,-0.2940379,-0.17956513
Gyroscope,409371806,0.2161821,0.10216552,-0.35556528
LinearAcceleration,409371806,0.02558803,-0.17597382,-0.18315643
Gyroscope,409371807,0.19913787,0.11068763,-0.35023898
LinearAcceleration,409371807,-0.031423897,-0.109534726,-0.22385786
Gyroscope,409371826,0.18955049,0.12453607,-0.33319473
LinearAcceleration,409371827,-0.07167641,-0.31708208,-0.21113867
Gyroscope,409371847,0.15546203,0.13944978,-0.33319473
LinearAcceleration,409371847,-0.1074398,-0.32411507,-0.27189153
Gyroscope,409371866,0.1203083,0.16182032,-0.33532527
LinearAcceleration,409371867,-0.16355391,-0.27608138,-0.29044658
Gyroscope,409371888,0.09793775,0.19377826,-0.32680315
LinearAcceleration,409371889,-0.17328034,-0.40716392,-0.26126727
Gyroscope,409371909,0.06171876,0.22360566,-0.32147682
LinearAcceleration,409371910,-0.13108255,-0.5280711,-0.2240075
Gyroscope,409371928,0.0063250074,0.24597621,-0.3246726
LinearAcceleration,409371930,-0.09980828,-0.36945525,-0.25019407
Gyroscope,409371948,-0.03415504,0.25662887,-0.32041156
LinearAcceleration,409371950,-0.026934769,-0.24615386,-0.26066872
Gyroscope,409371968,-0.056525595,0.2502373,-0.30336735
LinearAcceleration,409371970,0.039653964,-0.32995093,-0.1455974
Gyroscope,409371988,-0.085287735,0.22999725,-0.28738835
LinearAcceleration,409371989,-0.006135142,-0.2563292,-0.20560206
Gyroscope,409372009,-0.12044146,0.2193446,-0.26182202
LinearAcceleration,409372010,-0.100257196,-0.12539631,-0.2777274
Gyroscope,409372028,-0.13855095,0.22467093,-0.21068934
LinearAcceleration,409372029,-0.11806407,-0.17462708,-0.25019407
Gyroscope,409372048,-0.1673131,0.23106252,-0.1755356
LinearAcceleration,409372049,-0.14903906,-0.2148796,-0.22535424
Gyroscope,409372068,-0.19500998,0.2374541,-0.15423031
LinearAcceleration,409372069,-0.15427637,-0.15382746,-0.18839374
Gyroscope,409372088,-0.20992367,0.23851937,-0.14357767
LinearAcceleration,409372089,-0.11507132,-0.019602526,-0.13572131
Gyroscope,409372108,-0.21951105,0.23532356,-0.12440291
LinearAcceleration,409372109,-0.1110311,-0.05641338,0.019602526
Gyroscope,409372128,-0.23655528,0.22893198,-0.09457551
LinearAcceleration,409372129,-0.054917,-0.17013796,0.12569559
Gyroscope,409372148,-0.25892583,0.21508354,-0.08179233
LinearAcceleration,409372149,-0.09202713,-0.065541275,0.13257892
Gyroscope,409372168,-0.2482732,0.20443091,-0.086053394
LinearAcceleration,409372169,-0.086490534,0.021996727,0.10399814
Gyroscope,409372188,-0.21738052,0.18845193,-0.0977713
LinearAcceleration,409372189,-0.08035539,0.037858315,0.08664017
Gyroscope,409372208,-0.20566261,0.17673403,-0.10416289
LinearAcceleration,409372209,-0.082899235,0.012868834,0.078410104
Gyroscope,409372228,-0.21098894,0.1714077,-0.09244498
LinearAcceleration,409372229,-0.12524667,-0.07706337,0.12330139
Gyroscope,409372248,-0.23655528,0.17353824,-0.08179233
LinearAcceleration,409372249,-0.26351184,-0.027982233,0.1050456
Gyroscope,409372268,-0.24933845,0.19484352,-0.07540075
LinearAcceleration,409372269,-0.4285621,-0.07751228,0.07062895
Gyroscope,409372288,-0.25466478,0.24171516,-0.07327022
LinearAcceleration,409372290,-0.6841431,-0.21772271,0.09127894
Gyroscope,409372308,-0.28236166,0.33439317,-0.09351024
LinearAcceleration,409372309,-1.1580454,-0.23343466,-0.033369187
Gyroscope,409372329,-0.31751537,0.49737862,-0.13505556
LinearAcceleration,409372330,-1.3254899,0.1921347,-0.12090719
Gyroscope,409372348,-0.29940587,0.68593043,-0.13612083
LinearAcceleration,409372349,-1.0525509,0.20051439,0.15322891
Gyroscope,409372368,-0.27703533,0.83719796,-0.13292503
LinearAcceleration,409372370,-0.7492355,-0.0362123,0.28116906
Gyroscope,409372389,-0.28555745,0.94585496,-0.15209979
LinearAcceleration,409372390,-0.71197575,-0.13931261,0.29254153
Gyroscope,409372408,-0.30366695,1.0651646,-0.17447034
LinearAcceleration,409372410,-0.7517793,-0.16205753,0.18240824
Gyroscope,409372429,-0.32497224,1.2025837,-0.21068934
LinearAcceleration,409372430,-0.6397008,0.31902736,0.19946693
Gyroscope,409372449,-0.30047116,1.3325459,-0.22027671
LinearAcceleration,409372450,-0.7600094,0.2873042,0.2688988
Gyroscope,409372468,-0.2685132,1.4838135,-0.24158199
LinearAcceleration,409372470,-1.1405379,0.23133974,0.10968436
Gyroscope,409372488,-0.2450774,1.6798221,-0.28738835
LinearAcceleration,409372489,-1.3055881,0.01062427,0.28835166
Gyroscope,409372509,-0.25466478,1.9120498,-0.35769582
LinearAcceleration,409372510,-1.86224,0.046387658,0.35149872
Gyroscope,409372528,-0.30686274,2.2337596,-0.43226433
LinearAcceleration,409372530,-3.005172,0.6239888,0.2988263
Gyroscope,409372548,-0.26425216,2.6747792,-0.42587274
LinearAcceleration,409372549,-2.4495676,1.1459248,0.5779004
Gyroscope,409372568,-0.10659302,3.00075,-0.3821969
LinearAcceleration,409372569,-0.7930793,0.61890113,1.3159131
Gyroscope,409372588,-0.025632925,3.073188,-0.4003064
LinearAcceleration,409372589,0.3748422,0.33129767,1.5483003
Gyroscope,409372608,-0.010719223,2.984771,-0.37687057
LinearAcceleration,409372609,1.1358991,-0.15816694,1.7958009
Gyroscope,409372628,-0.07463509,2.8090024,-0.32147682
LinearAcceleration,409372629,1.5916952,-0.6013935,1.9767128
Gyroscope,409372648,-0.21418473,2.5639915,-0.29591048
LinearAcceleration,409372649,1.9864392,-0.46537295,1.9951183
Gyroscope,409372668,-0.33349434,2.2465427,-0.27353993
LinearAcceleration,409372669,2.0292356,-0.30735564,1.9642929
Gyroscope,409372688,-0.4155197,1.9013971,-0.2650178
LinearAcceleration,409372689,1.5921441,0.05641338,1.6238673
Gyroscope,409372708,-0.44428185,1.6031231,-0.24371253
LinearAcceleration,409372709,0.9295488,0.5102642,1.3193548
Gyroscope,409372728,-0.40486705,1.3794175,-0.19257984
LinearAcceleration,409372729,0.52986676,0.54138887,1.1875241
Gyroscope,409372748,-0.35160384,1.1993879,-0.15636085
LinearAcceleration,409372749,0.18390462,0.459986,1.0935516
Gyroscope,409372768,-0.3228417,1.0619688,-0.13292503
LinearAcceleration,409372769,-0.09068039,0.40297407,1.033098
Gyroscope,409372789,-0.29940587,0.95863813,-0.10629342
LinearAcceleration,409372790,-0.076614454,0.49455228,0.91263974
