Gyroscope,347050923,2.3291624,-2.01038,-0.052046955
LinearAcceleration,347050923,1.091756,4.618116,2.5445876
Gyroscope,347050939,2.7893565,-2.2426078,0.44649678
LinearAcceleration,347050939,0.52028996,-1.359757,3.168726
Gyroscope,347050959,2.7190492,-2.5376859,0.3921683
LinearAcceleration,347050959,-0.045190558,-3.1491234,2.3126493
Gyroscope,347050979,1.9829514,-2.8870926,-0.32475466
LinearAcceleration,347050979,-1.5565304,1.1984476,2.3886652
Gyroscope,347050999,1.5632372,-2.9669876,-0.44193375
LinearAcceleration,347050999,-2.3187842,1.7447745,2.1728876
Gyroscope,347051019,1.3352706,-2.804002,-0.10317965
LinearAcceleration,347051019,-2.9858687,-0.4592378,0.65421563
Gyroscope,347051039,0.82820475,-2.4822922,0.022521554
LinearAcceleration,347051039,-3.0822353,0.30376434,0.20156185
Gyroscope,347051059,0.515017,-2.0977318,0.19615966
LinearAcceleration,347051059,-3.041534,0.7392098,0.1592144
Gyroscope,347051079,0.48945066,-1.7248892,0.44543153
LinearAcceleration,347051079,-2.841618,-1.0060136,0.06135142
Gyroscope,347051099,0.45323166,-1.3818741,0.48804212
LinearAcceleration,347051099,-2.7201123,-1.7298107,-0.13706805
Gyroscope,347051119,0.48092854,-1.0580337,0.44436628
LinearAcceleration,347051119,-2.4950573,-1.9711761,-0.1654992
Gyroscope,347051139,0.587455,-0.7672165,0.4166694
LinearAcceleration,347051139,-1.9818004,-2.6375124,-0.11626842
Gyroscope,347051159,0.63645715,-0.5392499,0.34636194
LinearAcceleration,347051159,-1.5854105,-3.022979,0.08604162
Gyroscope,347051179,0.61195606,-0.36987287,0.2600755
LinearAcceleration,347051179,-1.314716,-3.167828,0.16235681
Gyroscope,347051199,0.5597581,-0.23458427,0.2068123
LinearAcceleration,347051199,-1.1604396,-3.2555158,0.2570774
Gyroscope,347051219,0.49051592,-0.11740519,0.18337648
LinearAcceleration,347051219,-1.0800842,-3.4873044,0.2777274
Gyroscope,347051239,0.38398948,-0.02153139,0.11519956
LinearAcceleration,347051239,-1.0348936,-3.1601965,0.28550854
Gyroscope,347051259,0.2987683,0.057298176,0.03850052
LinearAcceleration,347051259,-0.9496002,-2.8211179,0.49036244
Gyroscope,347051279,0.23272192,0.115887724,-0.029676402
LinearAcceleration,347051279,-1.0357915,-2.4203882,0.44457334
Gyroscope,347051299,0.14750077,0.19258676,-0.111701764
LinearAcceleration,347051299,-1.3244425,-1.6279075,0.36736032
Gyroscope,347051319,0.11767337,0.30976585,-0.16603024
LinearAcceleration,347051319,-1.4297873,-0.8538322,0.1563713
Gyroscope,347051339,0.10595546,0.41629228,-0.29279673
LinearAcceleration,347051339,-1.5406688,0.32920274,-0.075417355
Gyroscope,347051359,0.059083827,0.5174924,-0.46004322
LinearAcceleration,347051359,-1.464204,1.766472,-0.20530279
Gyroscope,347051379,0.06228468,0.6474547,-0.5207649
LinearAcceleration,347051379,-1.07769,1.6707039,-0.0525228
Gyroscope,347051399,0.09530788,0.8104401,-0.4696322
LinearAcceleration,347051399,-0.48961425,0.8268974,-0.047734395
Gyroscope,347051419,-0.06874284,0.85411596,-0.6272913
LinearAcceleration,347051419,0.61022216,4.190152,-1.1679215
Gyroscope,347051439,-0.3126884,0.72521895,-1.0235697
LinearAcceleration,347051439,0.3776853,7.413496,-0.5433341
Gyroscope,347051459,0.10809105,0.75504637,-0.47708905
LinearAcceleration,347051459,1.0362405,1.8837879,-0.80101013
Gyroscope,347051479,0.24444489,0.78167796,-0.3141036
LinearAcceleration,347051479,1.7151462,-0.28356326,-0.8788217
Gyroscope,347051499,0.14111425,0.74332845,-0.3471268
LinearAcceleration,347051499,1.9322704,3.544017,-2.0886416
Gyroscope,347051519,0.25190175,0.5984525,-0.4696322
LinearAcceleration,347051519,2.3403323,5.910386,-1.6793828
Gyroscope,347051539,0.5373926,0.4844692,-0.13620444
LinearAcceleration,347051539,2.6288335,2.6132712,-1.1046249
Gyroscope,347051559,0.37760296,0.35983327,0.015063105
LinearAcceleration,347051559,2.2529438,1.7636288,-1.0893618
Gyroscope,347051579,0.117678426,0.26076367,0.085370556
LinearAcceleration,347051579,1.7934067,1.4224551,-0.7933786
Gyroscope,347051599,0.003695136,0.18726043,0.16100433
LinearAcceleration,347051599,1.3060371,-0.7142203,-0.29942486
Gyroscope,347051619,-0.15609452,0.10949613,0.059804212
LinearAcceleration,347051619,0.7113772,-2.2692542,0.10699089
Gyroscope,347051639,-0.31162313,0.05516765,-0.11702968
LinearAcceleration,347051639,0.28386253,-3.0268695,0.39803603
Gyroscope,347051659,-0.39151797,0.03173183,-0.26723197
LinearAcceleration,347051659,-0.018405426,-3.318962,0.47210664
Gyroscope,347051679,-0.41282326,0.023209715,-0.40252054
LinearAcceleration,347051679,-0.23208793,-2.9785366,0.40327334
Gyroscope,347051699,-0.37127793,0.021079186,-0.49839434
LinearAcceleration,347051699,-0.3084031,-2.6454432,0.44981065
Gyroscope,347051719,-0.29351363,0.02214445,-0.5420702
LinearAcceleration,347051719,-0.32755673,-2.872294,0.5153519
Gyroscope,347051739,-0.27433887,0.025340244,-0.565506
LinearAcceleration,347051739,-0.35269585,-2.9177837,0.55814826
Gyroscope,347051759,-0.30203575,0.037058152,-0.5569839
LinearAcceleration,347051759,-0.28715456,-2.6129718,0.39249945
Gyroscope,347051779,-0.3361242,0.0626245,-0.5037207
LinearAcceleration,347051779,-0.24959552,-2.067393,0.1818097
Gyroscope,347051799,-0.3574295,0.10310455,-0.416369
LinearAcceleration,347051799,-0.15098435,-1.3988123,-0.1050456
Gyroscope,347051819,-0.36488634,0.15530251,-0.31942993
LinearAcceleration,347051819,0.0070329676,-0.71930796,-0.18974048
Gyroscope,347051839,-0.32653683,0.21921837,-0.16922764
LinearAcceleration,347051839,0.15532383,-0.7667431,-0.15502456
Gyroscope,347051859,-0.27540416,0.2692858,-0.057374876
LinearAcceleration,347051859,0.13572131,-0.78170687,-0.3060089
Gyroscope,347051879,-0.21895525,0.31296164,-0.013696104
LinearAcceleration,347051879,-0.03935469,-0.06180033,-0.8016087
Gyroscope,347051899,-0.18593206,0.34918064,-0.06376354
LinearAcceleration,347051899,-0.098461546,1.7793407,-1.1296142
Gyroscope,347051919,-0.10177616,0.38433436,-0.072285645
LinearAcceleration,347051919,0.04504092,2.3353941,-0.8656536
Gyroscope,347051939,0.08038405,0.41842282,0.041697644
LinearAcceleration,347051939,0.13871406,-0.42706573,0.061501056
Gyroscope,347051959,0.097428285,0.394987,0.05021976
LinearAcceleration,347051959,-0.055365913,-0.042796355,-1.089661
Gyroscope,347051979,-0.3947239,0.22028363,-0.6571158
LinearAcceleration,347051979,-1.3637972,9.391556,-1.8939632
Gyroscope,347051999,-0.10177616,0.4067049,-0.06056774
LinearAcceleration,347051999,-0.02873042,4.4328647,-0.06479308
Gyroscope,347052019,0.45535713,0.55477667,0.7234669
LinearAcceleration,347052019,-0.21413141,-3.5673606,0.96785605
Gyroscope,347052039,0.028186098,0.42268386,0.2760558
LinearAcceleration,347052039,-0.66020113,-2.4001873,0.6745663
Gyroscope,347052059,-0.6716926,0.16488989,-0.55485046
LinearAcceleration,347052059,-1.0395324,5.5956984,0.5708675
Gyroscope,347052079,-0.6546484,0.102039285,-0.37482074
LinearAcceleration,347052079,-1.0752958,3.701735,1.034744
Gyroscope,347052099,-0.7345432,0.1883257,-0.0467193
LinearAcceleration,347052099,-1.8119618,0.6398504,0.30765492
Gyroscope,347052119,-1.1681058,0.33533219,-0.119157284
LinearAcceleration,347052119,-2.057517,3.3674448,0.26994625
Gyroscope,347052139,-1.0977983,0.54092824,0.11413562
LinearAcceleration,347052139,-1.7121534,2.5389013,0.3528455
Gyroscope,347052159,-0.9241603,0.72308844,0.3932349
LinearAcceleration,347052159,-1.2705729,-0.16714521,0.5407903
Gyroscope,347052179,-0.955053,0.8615728,0.46567288
LinearAcceleration,347052179,-1.1049241,-1.3189058,0.3434183
Gyroscope,347052199,-0.9784888,0.99366564,0.53598034
LinearAcceleration,347052199,-0.8641572,-2.170643,0.21203649
Gyroscope,347052219,-0.97103196,1.116171,0.61694044
LinearAcceleration,347052219,-0.58747727,-2.8423662,0.12330139
Gyroscope,347052239,-0.9806193,1.2045879,0.6499636
LinearAcceleration,347052239,-0.17088614,-3.058443,0.16370355
Gyroscope,347052259,-0.98594564,1.224828,0.62652785
LinearAcceleration,347052259,0.23163901,-2.5359085,0.025139118
Gyroscope,347052279,-0.8943329,1.1736953,0.58391726
LinearAcceleration,347052279,0.5318121,-2.2768857,0.0028431145
Gyroscope,347052299,-0.7206948,1.0767562,0.55195934
LinearAcceleration,347052299,0.47465047,-2.709189,0.02932897
Gyroscope,347052319,-0.5971241,0.9638382,0.44649813
LinearAcceleration,347052319,0.46806642,-2.6470892,-0.007930793
Gyroscope,347052339,-0.5289472,0.8573118,0.3303843
LinearAcceleration,347052339,0.3354875,-2.1350293,-0.07571663
Gyroscope,347052359,-0.47887978,0.7742211,0.25368527
LinearAcceleration,347052359,0.29029694,-1.745373,0.041000705
Gyroscope,347052379,-0.46610165,0.6953916,0.19403179
LinearAcceleration,347052380,0.32516253,-1.5505449,0.20021512
Gyroscope,347052399,-0.47249323,0.61549675,0.14609489
LinearAcceleration,347052399,0.25184008,-1.0694599,0.11043255
Gyroscope,347052419,-0.46716693,0.5462546,0.084309556
LinearAcceleration,347052419,0.0839467,-0.0038905777,-0.2697966
Gyroscope,347052439,-0.4437311,0.4823387,0.0033494576
LinearAcceleration,347052439,0.13138182,1.3736732,-0.25363573
Gyroscope,347052459,-0.4170995,0.4013786,-0.0637622
LinearAcceleration,347052459,0.3211223,2.057966,0.117016606
Gyroscope,347052479,-0.34998783,0.3076353,-0.05630535
LinearAcceleration,347052479,0.57161564,0.6727707,0.40970775
Gyroscope,347052499,-0.36703205,0.17660779,-0.12980859
LinearAcceleration,347052499,0.6839935,1.7910125,-0.5080197
Gyroscope,347052519,-0.69193774,0.0040349555,-0.4919985
LinearAcceleration,347052519,0.20979193,6.767959,0.11971009
Gyroscope,347052539,-0.5726281,-0.034314565,-0.22781292
LinearAcceleration,347052539,1.5616181,3.4784758,0.3705027
Gyroscope,347052559,-0.42988268,-0.11207887,-0.0637622
LinearAcceleration,347052559,1.0468647,0.9735423,-0.28311434
Gyroscope,347052579,-0.53853965,-0.12486204,-0.23207398
LinearAcceleration,347052579,0.72798693,4.3444285,-1.1884218
Gyroscope,347052599,-0.36703205,-0.032184035,-0.08719802
LinearAcceleration,347052599,0.8913912,5.518336,-0.114173494
Gyroscope,347052619,-0.14865285,0.083929785,0.34636462
LinearAcceleration,347052619,1.6579847,1.4058453,0.8026561
Gyroscope,347052639,-0.3872721,0.07008135,0.3314509
LinearAcceleration,347052639,1.6624738,0.38052842,0.4523545
Gyroscope,347052659,-0.65571874,0.010426542,0.14076857
LinearAcceleration,347052659,1.1638813,1.9496284,0.17687166
Gyroscope,347052679,-0.5428007,-0.0034218957,0.15461701
LinearAcceleration,347052679,1.0648212,0.28820202,0.13871406
Gyroscope,347052699,-0.4437311,-0.015139804,0.13650751
LinearAcceleration,347052699,0.78888947,-0.96441436,-0.08664017
Gyroscope,347052719,-0.4053816,-0.023661919,0.03317686
LinearAcceleration,347052719,0.4019266,-1.5602713,-0.4604349
Gyroscope,347052739,-0.32229096,-0.020466127,-0.05097903
LinearAcceleration,347052739,0.28685528,-2.1877017,-0.6464345
Gyroscope,347052759,-0.24452665,-0.024727184,-0.15111388
LinearAcceleration,347052760,0.18839374,-2.5137622,-0.83527714
Gyroscope,347052779,-0.22109084,-0.044967208,-0.2768151
LinearAcceleration,347052779,0.07811083,-2.2758384,-0.8972271
Gyroscope,347052799,-0.1955245,-0.07159882,-0.34392676
LinearAcceleration,347052799,0.11043255,-2.3059156,-0.8952818
Gyroscope,347052819,-0.21576452,-0.10249149,-0.37375414
LinearAcceleration,347052819,0.09696517,-2.0618565,-0.9448118
Gyroscope,347052839,-0.2370698,-0.13551469,-0.38227627
LinearAcceleration,347052839,0.0525228,-1.5351322,-1.0009259
Gyroscope,347052859,-0.23174348,-0.15895051,-0.34392676
LinearAcceleration,347052859,0.050876785,-1.2906244,-0.798167
Gyroscope,347052879,-0.27863535,-0.17066841,-0.2714829
LinearAcceleration,347052880,0.087687634,-0.93927526,-0.5506664
Gyroscope,347052899,-0.36598703,-0.17279895,-0.18306595
LinearAcceleration,347052899,-0.029777884,-0.40043023,-0.43798926
Gyroscope,347052919,-0.38835758,-0.15255892,-0.07547425
LinearAcceleration,347052919,-0.2861071,-0.23747487,-0.46148238
Gyroscope,347052939,-0.31059328,-0.10142622,0.011877432
LinearAcceleration,347052939,-0.5729624,0.005087679,-0.4753987
Gyroscope,347052959,-0.19234894,-0.0087482175,0.08325015
LinearAcceleration,347052959,-0.7188591,0.664391,-0.44397476
Gyroscope,347052979,-0.14547731,0.112691924,0.10988176
LinearAcceleration,347052979,-0.7211036,1.8070238,-0.4417302
Gyroscope,347052999,-0.09860567,0.25011104,0.14823128
LinearAcceleration,347052999,-0.636708,2.585738,-0.320823
Gyroscope,347053019,0.11977354,0.37794277,0.29523778
LinearAcceleration,347053019,-0.448015,0.66469026,-0.2391209
Gyroscope,347053039,0.26358423,0.41203123,0.29949883
LinearAcceleration,347053039,-0.4870704,1.8180969,-1.1167455
Gyroscope,347053059,-0.0016666062,0.431206,0.1088165
LinearAcceleration,347053059,-1.2244846,4.8729486,0.0525228
Gyroscope,347053079,0.20605996,0.544124,0.4560927
LinearAcceleration,347053079,-0.8502409,1.5798738,-0.32561144
Gyroscope,347053099,0.33602223,0.5473198,0.5785981
LinearAcceleration,347053099,-0.99015206,-0.3393781,0.06868366
Gyroscope,347053119,-0.08475723,0.4631639,0.23877876
LinearAcceleration,347053119,-1.3670892,1.9574095,0.8063971
Gyroscope,347053139,-0.3936839,0.39818278,0.08218488
LinearAcceleration,347053139,-1.6850691,1.8623897,1.5005659
Gyroscope,347053159,-0.6781095,0.3917912,0.06727118
LinearAcceleration,347053159,-1.8285716,1.9966146,1.1391912
Gyroscope,347053179,-0.9028803,0.4631639,0.09283753
LinearAcceleration,347053179,-1.7160441,3.9257426,0.63281745
Gyroscope,347053199,-0.70048004,0.5931262,0.38152418
LinearAcceleration,347053199,-1.1979986,2.9252656,0.614412
Gyroscope,347053219,-0.40966287,0.6975221,0.65742767
LinearAcceleration,347053219,-0.6811504,1.0429741,0.33713353
Gyroscope,347053239,-0.20300159,0.7305453,0.76288885
LinearAcceleration,347053239,-0.19797055,-0.41808748,0.093373865
Gyroscope,347053259,-0.04108139,0.71350104,0.7852594
LinearAcceleration,347053259,0.05701193,-1.6915035,-0.24256256
Gyroscope,347053279,0.047335558,0.66875994,0.7341267
LinearAcceleration,347053279,0.1455974,-2.5100212,-0.6048352
Gyroscope,347053299,0.073967166,0.59738725,0.6116213
LinearAcceleration,347053299,0.1842039,-2.681057,-1.1029788
Gyroscope,347053319,0.09846825,0.52281874,0.48485485
LinearAcceleration,347053319,0.11207857,-2.7118824,-1.4279916
Gyroscope,347053339,0.13468724,0.45677233,0.38791576
LinearAcceleration,347053339,0.0923264,-2.9270613,-1.7539024
Gyroscope,347053359,0.14427462,0.39285648,0.2643451
LinearAcceleration,347053359,0.03935469,-2.8601732,-1.9693805
Gyroscope,347053379,0.13469763,0.32361427,0.12692305
LinearAcceleration,347053380,-0.13332711,-2.445677,-1.9452889
Gyroscope,347053399,0.14108922,0.25543737,0.017200824
LinearAcceleration,347053399,-0.29628247,-2.330007,-1.7760488
Gyroscope,347053419,0.13043657,0.18939097,-0.076542445
LinearAcceleration,347053419,-0.439336,-1.8834885,-1.543063
Gyroscope,347053439,0.07504282,0.13506249,-0.13726252
LinearAcceleration,347053439,-0.57236385,-0.8607155,-1.2816461
Gyroscope,347053459,0.033497505,0.08712558,-0.16602466
LinearAcceleration,347053459,-0.6771102,0.23567922,-1.0308535
Gyroscope,347053479,0.05373753,0.034927625,-0.16815518
LinearAcceleration,347053479,-0.7330746,1.3308768,-0.85413146
Gyroscope,347053499,0.05373753,-0.019400863,-0.18093836
LinearAcceleration,347053499,-0.6991069,2.7003603,-0.57161564
Gyroscope,347053519,0.07078176,-0.065207236,-0.15963307
LinearAcceleration,347053519,-0.44232875,2.9574378,-0.28027123
Gyroscope,347053539,0.17198189,-0.09716517,-0.059498213
LinearAcceleration,347053539,-0.08559271,1.4064438,0.33010057
Gyroscope,347053559,0.16772082,-0.13018836,-0.052041363
LinearAcceleration,347053559,0.32650927,1.7782934,0.82390463
Gyroscope,347053579,-0.071963675,-0.17173368,-0.14365411
LinearAcceleration,347053579,1.0669161,5.7836432,0.9540894
Gyroscope,347053599,-0.3766293,-0.20262635,-0.29492167
LinearAcceleration,347053599,0.9190742,6.453571,2.36188
Gyroscope,347053619,0.19115664,-0.21434425,-0.011561315
LinearAcceleration,347053619,0.9259575,1.8020856,0.7933786
Gyroscope,347053639,0.5394981,-0.1919737,-0.16922045
LinearAcceleration,347053639,1.0372878,0.48602295,-0.250643
Gyroscope,347053659,0.65880775,-0.080120936,-0.16815518
LinearAcceleration,347053659,1.5412674,1.3988123,0.31768063
Gyroscope,347053679,0.5011486,0.018948657,0.024657676
LinearAcceleration,347053679,1.7732056,0.6112696,0.93373865
Gyroscope,347053699,0.09847864,0.037058152,0.17592523
LinearAcceleration,347053699,2.0700867,-0.66229606,1.4249989
Gyroscope,347053719,-0.48635152,-0.04283668,0.09176934
LinearAcceleration,347053719,1.8163012,0.3871125,1.4692917
Gyroscope,347053739,-0.85706353,-0.13125363,-0.06056348
LinearAcceleration,347053739,1.27177,2.0805612,0.91144264
Gyroscope,347053759,-0.8165835,-0.17812526,-0.18306889
LinearAcceleration,347053759,0.6771102,2.8618193,0.28580782
Gyroscope,347053779,-0.5076568,-0.17279895,-0.18306889
LinearAcceleration,347053779,0.4345476,1.1373955,-0.053420626
Gyroscope,347053799,-0.2509281,-0.18345158,-0.24911529
LinearAcceleration,347053799,0.25438392,-0.34566286,-0.3776853
Gyroscope,347053819,-0.10924793,-0.21647479,-0.3865344
LinearAcceleration,347053819,0.07511808,-0.9498995,-0.7769185
Gyroscope,347053839,0.014322747,-0.25375903,-0.48027766
LinearAcceleration,347053839,0.0034416649,-1.5800235,-1.0081085
Gyroscope,347053859,0.122979715,-0.2963696,-0.51436615
LinearAcceleration,347053859,-0.05207389,-2.2939446,-1.166874
Gyroscope,347053879,0.15387718,-0.34004545,-0.53460747
LinearAcceleration,347053880,-0.10310031,-2.8353333,-1.2912229
Gyroscope,347053899,0.121919245,-0.37626445,-0.55697805
LinearAcceleration,347053900,-0.22325931,-2.77892,-1.3313258
Gyroscope,347053919,0.082504466,-0.4018308,-0.56123906
LinearAcceleration,347053919,-0.35703534,-2.4244285,-1.4550761
Gyroscope,347053939,0.080373935,-0.40822238,-0.5250201
LinearAcceleration,347053939,-0.32635963,-2.4155998,-1.464204
Gyroscope,347053959,0.082504466,-0.41248342,-0.48560533
LinearAcceleration,347053959,-0.21458033,-1.9659389,-1.5122377
Gyroscope,347053979,0.11233187,-0.42633188,-0.46003896
LinearAcceleration,347053979,-0.1894412,-1.1279683,-1.522862
Gyroscope,347053999,0.22418463,-0.43059292,-0.387601
LinearAcceleration,347053999,0.0037409402,-0.9554361,-1.4062942
Gyroscope,347054019,0.33177635,-0.42846242,-0.28427035
LinearAcceleration,347054019,0.14170681,-0.90261406,-1.2484266
Gyroscope,347054039,0.37971324,-0.43591926,-0.24165976
LinearAcceleration,347054039,0.14619595,-0.005087679,-1.1338041
Gyroscope,347054059,0.4521512,-0.43911505,-0.18093969
LinearAcceleration,347054059,0.4556465,0.83901805,-0.8842086
Gyroscope,347054079,0.527785,-0.4795951,-0.13939437
LinearAcceleration,347054079,0.7015011,1.9678842,-0.6619968
Gyroscope,347054099,0.62791985,-0.57973,-0.18946181
LinearAcceleration,347054099,0.85293436,3.1373022,-0.19093758
Gyroscope,347054119,0.9560213,-0.70223534,-0.09784906
LinearAcceleration,347054119,1.0310031,1.429937,0.40836102
Gyroscope,347054139,1.248969,-0.8566987,-0.05097743
LinearAcceleration,347054139,1.1264719,0.29493573,1.1972505
Gyroscope,347054159,1.2937101,-1.0676211,-0.17241758
LinearAcceleration,347054159,0.98177236,4.1458597,0.6607997
Gyroscope,347054179,0.9283244,-1.3999835,-0.77109617
LinearAcceleration,347054179,-0.5021838,10.053103,2.1630116
Gyroscope,347054199,1.8657571,-1.3925267,0.14929228
LinearAcceleration,347054199,1.3096284,4.302231,2.7714381
Gyroscope,347054219,2.7115772,-1.5555122,0.7192088
LinearAcceleration,347054220,0.77003515,-2.9384336,3.9130235
Gyroscope,347054239,2.042591,-1.8356767,0.05767954
LinearAcceleration,347054239,-0.30690673,-0.85697454,4.0454526
Gyroscope,347054259,1.0859835,-2.0167716,-0.6390034
LinearAcceleration,347054259,-2.017414,5.6244287,3.117101
Gyroscope,347054279,0.86440855,-1.8324809,-0.25231242
LinearAcceleration,347054279,-2.644246,4.905121,2.187253
Gyroscope,347054299,0.7046189,-1.4926616,0.23025239
LinearAcceleration,347054299,-2.7398646,2.0852,1.5948377
Gyroscope,347054319,0.29555735,-1.1496464,0.26114506
LinearAcceleration,347054319,-2.579902,2.677765,0.56548053
Gyroscope,347054339,0.177313,-0.8119576,0.31121248
LinearAcceleration,347054339,-2.307412,3.1625907,0.011971008
Gyroscope,347054359,0.4287154,-0.4614856,0.5295917
LinearAcceleration,347054359,-1.5967829,1.0800842,0.18001404
Gyroscope,347054379,0.6939564,-0.20795266,0.6382513
LinearAcceleration,347054380,-0.5177461,-1.4056957,0.4849755
Gyroscope,347054399,0.80367863,-0.11314413,0.55835646
LinearAcceleration,347054400,0.043245267,-2.9210758,0.6087258
Gyroscope,347054419,0.8079397,-0.111013606,0.43372056
LinearAcceleration,347054419,0.29658175,-3.640234,0.41793784
Gyroscope,347054439,0.77065545,-0.15149365,0.32612884
LinearAcceleration,347054439,0.28999767,-3.8997056,0.43394905
Gyroscope,347054459,0.74615437,-0.20475687,0.2611477
LinearAcceleration,347054459,0.32890347,-4.0385695,0.29568392
Gyroscope,347054479,0.7418933,-0.2782601,0.22173293
LinearAcceleration,347054479,0.27398646,-4.128801,0.40701428
Gyroscope,347054499,0.72484905,-0.36454654,0.17592655
LinearAcceleration,347054499,0.1755249,-4.085855,0.36197338
Gyroscope,347054519,0.6769122,-0.44763717,0.14822967
LinearAcceleration,347054519,0.25617957,-3.9368157,0.50981534
Gyroscope,347054539,0.61725736,-0.547772,0.14396863
LinearAcceleration,347054539,0.5077204,-3.5681088,0.6064812
Gyroscope,347054559,0.55440676,-0.68732166,0.14183809
LinearAcceleration,347054559,0.691625,-2.8335378,0.61740476
Gyroscope,347054579,0.52457935,-0.8748082,0.16953497
LinearAcceleration,347054579,1.3224971,-2.3690627,1.0040684
Gyroscope,347054599,0.50860035,-1.1613643,0.20681922
LinearAcceleration,347054599,1.3913305,-2.1432595,1.2249334
Gyroscope,347054619,0.41485712,-1.4969226,0.17273076
LinearAcceleration,347054620,0.5710171,-0.9578303,0.8447043
Gyroscope,347054639,0.3040696,-1.7302155,0.14609915
LinearAcceleration,347054639,-0.4575918,0.6004957,0.23837271
Gyroscope,347054659,0.16771576,-1.8260894,0.1269244
LinearAcceleration,347054659,-1.4885949,3.0813377,-0.5837363
Gyroscope,347054679,0.1368231,-1.7568471,0.27606142
LinearAcceleration,347054679,-1.9241899,3.514239,-0.49949032
Gyroscope,347054699,0.19754317,-1.5810785,0.53598595
LinearAcceleration,347054699,-1.6047137,0.8678981,0.17597382
Gyroscope,347054719,0.029231388,-1.4117014,0.57646596
LinearAcceleration,347054720,-0.75941086,0.844405,0.2813187
Gyroscope,347054739,-0.2828911,-1.4191583,0.3250636
LinearAcceleration,347054739,0.70613986,5.8545713,-1.1616367
Gyroscope,347054759,-0.44907233,-1.5320764,0.12159807
LinearAcceleration,347054759,0.10968436,7.1481886,0.24899697
Gyroscope,347054779,0.08142935,-1.4852047,0.88965374
LinearAcceleration,347054779,1.8489223,1.4315829,0.75611883
Gyroscope,347054799,0.27317694,-1.703584,0.7554304
LinearAcceleration,347054799,2.7259483,0.2582745,0.6332663
Gyroscope,347054819,0.40207395,-2.1062539,0.4049584
LinearAcceleration,347054819,2.7623103,3.705027,-0.3552397
Gyroscope,347054839,0.7940912,-2.562187,0.2494298
LinearAcceleration,347054839,1.8831893,5.0270753,-0.6721721
Gyroscope,347054859,1.1296495,-2.8029368,0.6361208
LinearAcceleration,347054859,0.5330092,2.6788125,-0.5755062
Gyroscope,347054879,1.0912849,-2.8253074,0.9375949
LinearAcceleration,347054880,-0.79951376,0.952593,-0.8690952
Gyroscope,347054899,0.8292298,-2.654865,1.0068371
LinearAcceleration,347054900,-1.7597382,-0.16160862,-1.1269208
Gyroscope,347054919,0.52562946,-2.3011973,0.93439907
LinearAcceleration,347054919,-2.6280854,-0.8750807,-1.5671546
Gyroscope,347054939,0.28274915,-1.7983924,0.77354413
LinearAcceleration,347054940,-2.666093,-1.5490485,-1.2841899
Gyroscope,347054959,0.13254686,-1.2817392,0.5509039
LinearAcceleration,347054959,-2.34123,-2.4504654,-0.5496189
Gyroscope,347054979,0.008976185,-0.84711134,0.27606568
LinearAcceleration,347054979,-1.5972319,-2.6755204,0.17672202
Gyroscope,347054999,-0.051743887,-0.5669468,0.0150758885
LinearAcceleration,347054999,-1.2609961,-2.5643396,1.0175357
Gyroscope,347055019,-0.094354466,-0.398635,-0.13725692
LinearAcceleration,347055019,-1.0084078,-2.7488427,1.1526585
Gyroscope,347055039,-0.21792513,-0.27080327,-0.25443602
LinearAcceleration,347055040,-1.1985972,-1.3392565,0.5463269
Gyroscope,347055059,-0.13483451,-0.140841,-0.22354335
LinearAcceleration,347055059,-1.1252748,-1.4790181,0.7125743
Gyroscope,347055079,-0.026177542,-0.032184035,-0.12447375
LinearAcceleration,347055080,-0.9021651,-2.4600422,0.86759883
Gyroscope,347055099,-0.08689761,0.04131921,-0.11488637
LinearAcceleration,347055099,-0.8607155,-1.5816694,0.31543607
Gyroscope,347055119,-0.07198391,0.12334457,-0.07760212
LinearAcceleration,347055120,-0.50592476,-1.2333132,0.14903906
Gyroscope,347055139,0.015367771,0.18193412,-0.012620986
LinearAcceleration,347055139,-0.29822776,-1.1670237,-0.03696049
Gyroscope,347055159,0.050521497,0.21282679,-0.029665217
LinearAcceleration,347055159,-0.26426002,-0.9418191,-0.069731124
Gyroscope,347055179,0.100588925,0.2479805,-0.04244839
LinearAcceleration,347055179,0.10684125,-1.196203,0.0664391
Gyroscope,347055199,0.15278688,0.23732786,-0.10529899
LinearAcceleration,347055200,0.17447744,-1.441908,-0.022296004
Gyroscope,347055219,0.15598267,0.20536993,-0.23632652
LinearAcceleration,347055220,-0.30092123,-0.72559273,-0.6759131
Gyroscope,347055239,0.1463953,0.22454469,-0.33752665
LinearAcceleration,347055240,-0.29328972,0.13272856,-0.9708488
Gyroscope,347055259,0.1463953,0.23519734,-0.39185512
LinearAcceleration,347055260,0.037708677,0.38606504,-0.7224504
Gyroscope,347055279,0.10698051,0.20110887,-0.40676883
LinearAcceleration,347055280,0.39848495,0.31364042,-0.3628712
Gyroscope,347055299,0.07715311,0.14251933,-0.326874
LinearAcceleration,347055300,0.4249708,0.66020113,-0.89184016
Gyroscope,347055319,-0.07091865,-0.07479461,-0.6485838
LinearAcceleration,347055320,-0.8777742,6.328773,-3.13401
Gyroscope,347055339,-0.078375496,0.07434241,-0.43233517
LinearAcceleration,347055340,-1.0130466,4.8730984,-1.9117701
Gyroscope,347055359,0.34879553,0.4077702,0.3687437
LinearAcceleration,347055359,-0.27877486,-2.9433718,0.47899
Gyroscope,347055379,-0.005947638,0.58673435,0.108822085
LinearAcceleration,347055380,-0.4906617,-4.944326,1.1122563
Gyroscope,347055399,-0.8475065,0.7646335,-0.49198705
LinearAcceleration,347055400,-2.3391352,1.0766426,-0.54498017
Gyroscope,347055419,-1.3151577,1.1811519,-0.8914612
LinearAcceleration,347055420,-5.2251954,6.541857,-1.5402199
Gyroscope,347055439,-1.0317973,2.084496,-0.40570062
LinearAcceleration,347055440,-5.9428577,4.476259,-1.3251907
Gyroscope,347055459,-0.7409801,3.1092806,-0.20862672
LinearAcceleration,347055460,-5.50412,1.3516765,0.11282676
Gyroscope,347055479,-0.8006349,3.9870584,-0.5590987
LinearAcceleration,347055480,-4.973505,1.4263457,1.5264533
Gyroscope,347055499,-0.73991483,4.706112,-0.8083706
LinearAcceleration,347055500,-3.6845267,0.63536125,2.9987376
Gyroscope,347055519,-0.6174094,5.1354136,-1.0864046
LinearAcceleration,347055519,-1.520767,0.09187749,4.1355343
Gyroscope,347055539,-0.53751457,5.2003946,-1.4272892
LinearAcceleration,347055540,0.56039286,0.94092125,4.4042835
Gyroscope,347055559,-0.3276575,4.9713626,-1.4933356
LinearAcceleration,347055560,2.7878983,0.9094974,4.8003745
Gyroscope,347055579,-0.056015067,4.433404,-1.3686997
LinearAcceleration,347055580,4.56694,-0.26276365,4.7147818
Gyroscope,347055599,0.05157664,3.6685443,-1.3090448
LinearAcceleration,347055600,5.31423,-0.9274539,3.793014
Gyroscope,347055619,0.0558377,2.8397686,-1.1897353
LinearAcceleration,347055620,4.86831,-0.76464814,2.8691514
Gyroscope,347055639,0.09099142,2.1153889,-0.92022336
LinearAcceleration,347055639,3.903746,-0.96591073,1.863437
Gyroscope,347055659,0.14531991,1.5497334,-0.6187535
LinearAcceleration,347055660,2.9239187,-1.6201264,1.2369045
Gyroscope,347055679,0.13573253,1.112975,-0.42274487
LinearAcceleration,347055680,2.4742577,-1.932869,0.7980174
Gyroscope,347055699,0.05796823,0.7273492,-0.35137215
LinearAcceleration,347055700,1.9458874,-1.2237363,0.48751932
Gyroscope,347055719,0.0558377,0.41522676,-0.24697623
LinearAcceleration,347055720,1.4764743,-0.9136872,0.14634559
Gyroscope,347055739,0.09099142,0.18086858,-0.11807924
LinearAcceleration,347055740,0.9071032,-1.0919056,0.020201078
Gyroscope,347055759,0.08459984,0.03279683,-0.008357
LinearAcceleration,347055760,0.25722703,-1.3940239,0.01616086
Gyroscope,347055779,0.039858732,-0.032184303,0.059819926
LinearAcceleration,347055780,0.085293435,-1.2343606,0.064493805
Gyroscope,347055799,0.035597675,-0.095034905,0.08432101
LinearAcceleration,347055800,0.31947628,-1.2024878,0.40417117
Gyroscope,347055819,0.029206088,-0.22606243,0.053428337
LinearAcceleration,347055819,0.114772044,-0.4352958,-0.1738789
Gyroscope,347055839,-0.06347191,-0.36561206,-0.113818176
LinearAcceleration,347055840,-0.5172972,1.781735,-0.8331822
Gyroscope,347055859,-0.008078166,-0.37839523,-0.05416337
LinearAcceleration,347055859,-0.81627315,1.5954362,-0.63895255
Gyroscope,347055879,0.08248955,-0.30808753,0.11414282
LinearAcceleration,347055880,-0.2940379,-0.24899697,-0.3705027
Gyroscope,347055899,-0.14867283,-0.32619703,-0.06695214
LinearAcceleration,347055900,-0.07032967,3.7720647,-1.8546085
Gyroscope,347055919,-0.29780984,-0.36880758,-0.22887233
LinearAcceleration,347055920,-0.42527008,5.2199583,-0.6697779
Gyroscope,347055939,-0.058125354,-0.29743487,0.1386439
LinearAcceleration,347055940,0.50951606,1.3307272,-0.57849896
Gyroscope,347055959,-0.118845426,-0.28571698,0.09496806
LinearAcceleration,347055960,1.0051157,1.2829928,-0.526874
Gyroscope,347055979,-0.09327908,-0.24417165,0.1716671
LinearAcceleration,347055980,1.7401357,2.684798,-1.0619781
Gyroscope,347055999,0.103794836,-0.28358644,0.31760833
LinearAcceleration,347056000,2.453907,3.1003416,-0.9651626
Gyroscope,347056019,0.21990865,-0.42739713,0.45076638
LinearAcceleration,347056020,2.9798832,2.0394108,-0.50846857
Gyroscope,347056039,0.19860338,-0.66601634,0.51042116
LinearAcceleration,347056040,2.8618193,1.4239515,-0.28505963
Gyroscope,347056059,0.1080559,-0.9174188,0.5572928
LinearAcceleration,347056060,2.7846062,1.067814,-0.0055365916
Gyroscope,347056079,0.0047252467,-1.1879959,0.626535
LinearAcceleration,347056080,3.1552587,0.26515785,0.64837974
Gyroscope,347056099,-0.117780164,-1.5640342,0.6307961
LinearAcceleration,347056100,3.4123359,-0.028431145,1.1260229
Gyroscope,347056119,-0.17850024,-2.0434034,0.642514
LinearAcceleration,347056120,3.330185,-0.14080898,1.5831659
Gyroscope,347056139,-0.16252127,-2.5643175,0.7213435
LinearAcceleration,347056140,3.0137014,-0.60707974,2.2176294
Gyroscope,347056159,-0.08156117,-3.1033413,0.8182826
LinearAcceleration,347056160,2.4774003,-1.2267292,2.8009167
Gyroscope,347056179,-0.012318985,-3.6189294,0.86835
LinearAcceleration,347056180,1.1555016,-1.3509283,2.9267619
Gyroscope,347056199,0.04627056,-3.9864457,0.91202587
LinearAcceleration,347056200,-0.6422446,-1.1909657,2.6014497
Gyroscope,347056219,0.10912116,-4.108951,0.9844639
LinearAcceleration,347056220,-1.9200001,-1.5007155,2.1667526
Gyroscope,347056239,0.14747068,-4.04397,1.0238787
LinearAcceleration,347056240,-2.821866,-1.8972552,2.0055928
Gyroscope,347056259,0.1410791,-3.8490264,0.9983123
LinearAcceleration,347056260,-3.6947021,-2.169895,1.6300025
Gyroscope,347056279,0.09207693,-3.5177293,0.93865746
LinearAcceleration,347056280,-4.3254247,-1.8698715,0.8141782
Gyroscope,347056299,0.043074764,-3.0639267,0.8566321
LinearAcceleration,347056300,-4.935946,-1.2942157,-0.042197805
Gyroscope,347056319,0.060118996,-2.5067933,0.7682152
LinearAcceleration,347056320,-4.997447,-0.856376,-1.0290579
Gyroscope,347056339,0.11870854,-1.8985273,0.69790775
LinearAcceleration,347056340,-4.685453,-1.245733,-1.2017397
Gyroscope,347056359,0.13681804,-1.3115666,0.5615539
LinearAcceleration,347056360,-4.0819645,-1.6220716,-1.2521675
Gyroscope,347056379,0.1325671,-0.8034355,0.34317175
LinearAcceleration,347056380,-3.3180642,-0.9259575,-1.4805145
Gyroscope,347056399,0.19115664,-0.40076554,0.12159674
LinearAcceleration,347056400,-2.6334722,-0.2463035,-1.440262
Gyroscope,347056419,0.2795736,-0.09823043,-0.02967081
LinearAcceleration,347056420,-2.0072389,0.0019452889,-1.338658
Gyroscope,347056439,0.26572517,0.09032138,-0.20011312
LinearAcceleration,347056440,-1.2612954,0.76928693,-1.115698
Gyroscope,347056459,0.2433546,0.19578256,-0.2576374
LinearAcceleration,347056460,-0.33414078,0.30301616,-0.32576108
Gyroscope,347056479,0.25400725,0.20750046,-0.20330891
LinearAcceleration,347056480,0.47719434,-0.3990835,0.008230069
Gyroscope,347056499,0.079303876,0.03386236,-0.43553656
LinearAcceleration,347056500,-0.34072483,3.721637,-1.9861399
Gyroscope,347056519,-0.16570695,0.027470773,-0.56123775
LinearAcceleration,347056520,-0.9246108,5.903802,-1.2357074
Gyroscope,347056539,0.09208705,0.2543721,0.21640527
LinearAcceleration,347056540,0.6206968,0.6314707,0.810138
Gyroscope,347056559,0.04628068,0.25543737,0.29097378
LinearAcceleration,347056560,1.8781016,-2.179322,2.4540567
Gyroscope,347056579,-0.3531935,0.046645533,0.022527147
LinearAcceleration,347056580,0.6781576,0.2781763,1.4612112
Gyroscope,347056599,-0.78356034,-0.111013606,-0.38227335
LinearAcceleration,347056600,-1.0592846,5.035455,0.13572131
Gyroscope,347056619,-0.78142977,0.08286452,0.0022871227
LinearAcceleration,347056620,-0.9282021,5.3408656,-0.041748893
Gyroscope,347056639,-0.56305057,0.34065852,0.41241392
LinearAcceleration,347056640,-0.45385087,3.0262709,0.4758476
Gyroscope,347056659,-0.49700418,0.46849024,0.3953697
LinearAcceleration,347056660,-0.2240075,2.9592333,0.57954645
Gyroscope,347056679,-0.39367354,0.54945034,0.36341175
LinearAcceleration,347056680,0.25812486,2.607585,0.6100725
Gyroscope,347056699,-0.22642702,0.59099567,0.43158868
LinearAcceleration,347056700,0.7902362,1.1133038,0.8728362
Gyroscope,347056719,-0.114574246,0.55903774,0.40282655
LinearAcceleration,347056720,0.9660604,-0.092176765,0.900968
Gyroscope,347056739,-0.021896243,0.47062078,0.3016264
LinearAcceleration,347056740,0.9259575,-0.57041854,0.98910457
Gyroscope,347056759,0.0995439,0.35450694,0.24836321
LinearAcceleration,347056760,0.80101013,-1.0516531,0.90785134
Gyroscope,347056779,0.2071356,0.23413207,0.24623267
LinearAcceleration,347056780,0.45729253,-1.6726491,0.9753379
Gyroscope,347056799,0.2582683,0.13612774,0.24729794
LinearAcceleration,347056800,-0.052822076,-2.3388357,0.73711485
Gyroscope,347056819,0.2582683,0.083929785,0.20575263
LinearAcceleration,347056820,-0.69925654,-2.4732103,0.4173393
Gyroscope,347056839,0.26785567,0.09458243,0.1769905
LinearAcceleration,347056840,-1.112406,-2.6253917,0.27727848
Gyroscope,347056859,0.27211675,0.15956356,0.16527258
LinearAcceleration,347056860,-1.4401124,-2.9861681,0.29897594
Gyroscope,347056880,0.2454497,0.26608974,0.16208664
LinearAcceleration,347056880,-1.7405846,-3.465158,0.20859483
Gyroscope,347056899,0.15383697,0.41522676,0.12693292
LinearAcceleration,347056900,-2.3469162,-3.3889925,0.05566519
Gyroscope,347056919,0.0142873265,0.6453239,0.09923604
LinearAcceleration,347056920,-2.8224645,-3.1601965,-0.07631518
Gyroscope,347056939,-0.15508972,0.94892424,0.06834337
LinearAcceleration,347056940,-3.118747,-3.0761003,0.084096335
Gyroscope,347056959,-0.34790257,1.2855479,-0.0030293458
LinearAcceleration,347056960,-3.5055602,-2.689287,0.17851767
Gyroscope,347056979,-0.56521654,1.6551945,-0.15323164
LinearAcceleration,347056980,-3.6074634,-1.192911,0.13392566
Gyroscope,347056999,-0.6589598,2.0344286,-0.30662972
LinearAcceleration,347057000,-3.4801219,0.5208885,0.20859483
Gyroscope,347057019,-0.60143554,2.3508122,-0.48559412
LinearAcceleration,347057020,-2.8621185,2.4323592,0.124049574
Gyroscope,347057039,-0.42247108,2.5521472,-0.7050386
LinearAcceleration,347057040,-1.977012,3.8841434,0.26635495
Gyroscope,347057059,-0.09543491,2.6448252,-0.8286093
LinearAcceleration,347057060,-0.2908955,3.1489737,0.74743986
Gyroscope,347057079,0.1197485,2.5904968,-0.92235255
LinearAcceleration,347057080,1.1345524,2.4905684,1.1562498
Gyroscope,347057099,0.1410538,2.4051406,-0.99479055
LinearAcceleration,347057100,2.2427685,4.2966943,-0.09367314
Gyroscope,347057119,-0.045367483,2.0024707,-1.3697636
LinearAcceleration,347057120,2.418443,8.376414,0.14948797
Gyroscope,347057139,0.14318432,1.79794,-0.82967454
LinearAcceleration,347057140,3.3616087,2.7947817,0.8415619
Gyroscope,347057159,0.22414441,1.6349546,-0.5942511
LinearAcceleration,347057160,2.6027966,-0.10354923,0.2045546
Gyroscope,347057179,0.11335692,1.5657123,-0.68266803
LinearAcceleration,347057180,2.5160067,2.143409,-0.6253356
Gyroscope,347057199,0.302974,1.5103186,-0.64112276
LinearAcceleration,347057200,2.608782,4.0719385,-1.0529999
Gyroscope,347057219,0.5330711,1.4687732,-0.44191828
LinearAcceleration,347057220,2.6969185,2.404377,-0.8928876
Gyroscope,347057239,0.46808997,1.427228,-0.34071818
LinearAcceleration,347057240,2.556708,1.155352,-0.67232174
Gyroscope,347057259,0.27314657,1.3633121,-0.34497923
LinearAcceleration,347057260,2.4046764,0.9484031,-0.34012628
Gyroscope,347057279,0.12507483,1.2653078,-0.3545666
LinearAcceleration,347057280,2.0214543,0.09801263,0.2629133
Gyroscope,347057299,-0.07412962,1.1598465,-0.40143824
LinearAcceleration,347057300,1.5494974,-0.576853,0.40925884
Gyroscope,347057319,-0.2541593,1.0586464,-0.50050783
LinearAcceleration,347057320,1.2180501,-0.4245219,0.4813842
Gyroscope,347057339,-0.2541593,0.9499895,-0.5356616
LinearAcceleration,347057340,1.1510124,-1.0751462,0.7755717
Gyroscope,347057359,-0.20515715,0.8147009,-0.56655425
LinearAcceleration,347057360,0.9756372,-1.7342999,0.75103116
Gyroscope,347057380,-0.17104845,0.6815431,-0.60703987
LinearAcceleration,347057380,0.63521165,-1.7348984,0.49170917
Gyroscope,347057399,-0.09861046,0.57927775,-0.5857346
LinearAcceleration,347057400,0.53345805,-1.8764555,0.39743748
Gyroscope,347057419,-0.022976689,0.47488183,-0.53673244
LinearAcceleration,347057420,0.5479729,-2.3398833,0.3556886
Gyroscope,347057439,-0.0016713999,0.34598485,-0.527145
LinearAcceleration,347057440,0.46746787,-2.4917655,0.19797055
Gyroscope,347057459,-0.006997722,0.22028363,-0.5282103
LinearAcceleration,347057460,0.38771105,-2.253692,0.036361936
Gyroscope,347057479,-0.0048671933,0.13080142,-0.5015787
LinearAcceleration,347057480,0.06359598,-1.7887679,-0.26755205
Gyroscope,347057499,0.01963389,0.09884349,-0.45790285
LinearAcceleration,347057500,-0.115370594,-1.7651252,-0.37933132
Gyroscope,347057519,0.046265498,0.083929785,-0.4323365
LinearAcceleration,347057520,-0.09487024,-1.5752351,-0.41913494
Gyroscope,347057539,0.04200444,0.07966873,-0.40144384
LinearAcceleration,347057540,0.0074818805,-1.1836334,-0.49230772
Gyroscope,347057559,0.05585288,0.09777822,-0.2736121
LinearAcceleration,347057560,0.11327567,-1.3281834,-0.38382047
Gyroscope,347057579,0.047330763,0.12440983,-0.124475084
LinearAcceleration,347057580,0.026485857,-1.0779893,-0.51954174
Gyroscope,347057599,0.03667812,0.16595514,-0.010491789
LinearAcceleration,347057600,-0.006434417,-0.52073884,-0.8028058
Gyroscope,347057619,0.010046509,0.1883257,-0.0030349384
LinearAcceleration,347057620,0.08439561,0.7959224,-0.8728362
Gyroscope,347057639,0.104855046,0.19471729,0.034249317
LinearAcceleration,347057639,0.31857845,0.0338181,-0.4664204
Gyroscope,347057659,0.16024879,0.17128147,0.017205086
LinearAcceleration,347057660,0.25079262,-0.07826047,0.021547815
Gyroscope,347057679,0.14746562,0.11908352,-0.04884131
LinearAcceleration,347057679,0.27727848,2.6858454,-2.1420624
Gyroscope,347057699,-0.052804094,0.02214445,-0.50051343
LinearAcceleration,347057700,-1.4643536,8.1480665,-1.4894928
Gyroscope,347057719,0.4233691,0.18406464,0.3612855
LinearAcceleration,347057721,0.46657005,2.4666264,0.43424833
Gyroscope,347057740,0.46065336,0.0626245,0.6201447
LinearAcceleration,347057740,1.5233108,-2.072032,2.5010428
Gyroscope,347058423,-0.23070325,-0.4231361,0.1695379
LinearAcceleration,347058429,1.6344916,2.2035635,1.8330606
Gyroscope,347058429,-0.7505523,-1.0580337,-0.321549
LinearAcceleration,347058430,1.1454759,8.295759,1.5077485
Gyroscope,347058431,-0.4394951,-1.5416638,0.2856517
LinearAcceleration,347058433,2.48159,5.7872343,2.1065981
Gyroscope,347058434,-0.27864015,-2.0796223,0.69577855
LinearAcceleration,347058434,2.3139958,4.5187564,1.7799393
Gyroscope,347058434,-0.24455169,-2.6324944,0.9173535
LinearAcceleration,347058435,2.50224,4.736928,2.6825533
Gyroscope,347058435,-0.026172481,-3.19815,1.2433244
LinearAcceleration,347058435,1.8800468,2.4561517,3.1655836
Gyroscope,347058457,0.28485942,-1.2007794,0.511495
LinearAcceleration,347058458,-1.697938,-2.5139117,-0.09172785
Gyroscope,347058458,0.02493491,-0.4028963,-0.27253965
LinearAcceleration,347058458,-0.4739023,1.8532617,-3.5974376
Gyroscope,347058459,0.16554981,-0.25908563,-0.17666584
LinearAcceleration,347058459,-0.3895067,1.3757682,-3.5637693
Gyroscope,347058459,0.18046352,-0.122731775,-0.023267772
LinearAcceleration,347058460,-0.13931261,0.6513725,-3.1398458
Gyroscope,347058462,0.121873975,-0.011944277,0.13652189
LinearAcceleration,347058463,0.13661914,-0.3645172,-2.6565163
Gyroscope,347058470,0.013217002,0.053036854,0.18445879
LinearAcceleration,347058470,0.15816694,-0.99658644,-2.2322938
Gyroscope,347058471,-0.072004154,0.097777955,0.16954508
LinearAcceleration,347058471,0.20545243,-1.6118963,-1.6014217
Gyroscope,347058487,-0.14337687,0.11801799,0.12906504
LinearAcceleration,347058488,0.3597288,-2.1380222,-1.0775404
Gyroscope,347058499,-0.2019664,0.10630007,0.06088812
LinearAcceleration,347058500,0.25094226,-2.197129,-0.78170687
Gyroscope,347058519,-0.19450957,0.08925584,0.015081747
LinearAcceleration,347058520,0.08843583,-2.1752818,-0.5868787
Gyroscope,347058540,-0.13805054,0.070081085,0.005494368
LinearAcceleration,347058544,-0.10040683,-2.3475149,-0.4571429
Gyroscope,347058560,-0.10288164,0.04131921,-0.0072930665
LinearAcceleration,347058560,-0.31663316,-2.1546319,-0.47913963
Gyroscope,347058579,-0.080511086,0.02214445,1.6378441E-4
LinearAcceleration,347058580,-0.65271926,-1.8146553,-0.599149
Gyroscope,347058599,-0.03790051,0.037058152,0.041709095
LinearAcceleration,347058599,-0.86520463,-1.8315643,-0.71556705
Gyroscope,347058619,0.0068405955,0.07434241,0.08218914
LinearAcceleration,347058619,-0.82929164,-2.318934,-0.6310218
Gyroscope,347058639,-0.0059425775,0.10310455,0.071536504
LinearAcceleration,347058639,-0.85203654,-2.2870612,-0.8741829
Gyroscope,347058659,-0.046422627,0.13719301,0.020403808
LinearAcceleration,347058659,-0.8432079,-1.2865841,-1.2774563
Gyroscope,347058679,-0.008073106,0.1883257,0.03531751
LinearAcceleration,347058679,-0.3612252,-1.2400469,-1.1930606
Gyroscope,347058699,0.022819562,0.209631,0.06621018
LinearAcceleration,347058699,0.010773907,-1.4993688,-1.1197382
Gyroscope,347058719,0.01962377,0.18939097,0.051296476
LinearAcceleration,347058719,-0.030226797,-1.5472529,-1.2261306
Gyroscope,347058739,0.020689033,0.16275935,-0.047773115
LinearAcceleration,347058739,-0.35598788,-0.94406366,-1.6323967
Gyroscope,347058759,0.07927857,0.16702041,-0.17453958
LinearAcceleration,347058759,-0.42317516,-0.8747814,-1.6566379
Gyroscope,347058779,0.12508495,0.17447726,-0.28745762
LinearAcceleration,347058779,-0.39728785,-0.44277766,-1.840393
Gyroscope,347058799,0.11975863,0.17447726,-0.3950493
LinearAcceleration,347058799,-0.2347814,-0.3494038,-1.460912
Gyroscope,347058819,0.1027144,0.18086885,-0.38439667
LinearAcceleration,347058819,0.32890347,-1.3364135,-0.8297405
Gyroscope,347058839,0.04412485,0.14891092,-0.38865772
LinearAcceleration,347058839,0.62728083,-1.066168,-0.588824
Gyroscope,347058859,-6.1625545E-4,0.069016084,-0.4344641
LinearAcceleration,347058859,-0.03441665,1.4865,-2.5061307
Gyroscope,347058879,-0.25521445,-0.08331673,-1.054448
LinearAcceleration,347058879,-1.467496,8.119336,-2.7362733
Gyroscope,347058899,0.057973288,0.2810037,-0.28000075
LinearAcceleration,347058899,0.533907,2.9599814,-0.92610717
Gyroscope,347058919,0.3988579,0.37474698,0.09071126
LinearAcceleration,347058919,2.1737854,-2.2563856,1.2024878
Gyroscope,347058939,-0.043226834,0.12014878,-0.3300682
LinearAcceleration,347058939,0.8141782,0.27039516,0.10758944
Gyroscope,347058959,-0.6546886,-0.063076705,-0.8030456
LinearAcceleration,347058959,-0.86370826,6.992715,-1.376666
Gyroscope,347058979,-0.6344486,0.14251933,-0.21075857
LinearAcceleration,347058979,-0.54887074,6.9169984,-1.3491327
Gyroscope,347058999,-0.40115568,0.36622486,0.41668218
LinearAcceleration,347058999,0.23582886,3.3575685,-0.49679685
Gyroscope,347059019,-0.39902514,0.39605227,0.45290115
LinearAcceleration,347059019,0.6229414,2.7709892,-0.23298575
Gyroscope,347059039,-0.32339138,0.35876802,0.39750743
LinearAcceleration,347059040,0.6973112,2.1052516,-0.11162966
Gyroscope,347059059,-0.14124128,0.33639747,0.465687
LinearAcceleration,347059060,0.9141361,-0.21757308,0.34072483
Gyroscope,347059079,-0.029388515,0.26609,0.3911185
LinearAcceleration,347059079,0.7751228,-1.4368203,0.3266589
Gyroscope,347059099,0.060093697,0.17660779,0.26115623
LinearAcceleration,347059099,0.4679168,-1.7105075,0.20994157
Gyroscope,347059119,0.22201389,0.09564769,0.2323941
LinearAcceleration,347059119,0.31648353,-2.484882,0.42422262
Gyroscope,347059139,0.32640982,0.008296013,0.23026356
LinearAcceleration,347059139,0.03441665,-3.3494883,0.50787
Gyroscope,347059159,0.30510452,-0.06733776,0.18871824
LinearAcceleration,347059159,-0.43559507,-3.1619923,0.39998132
Gyroscope,347059179,0.28806028,-0.08544726,0.21854566
LinearAcceleration,347059179,-0.75267714,-3.2387564,0.35000235
Gyroscope,347059199,0.28912556,-0.0811862,0.25476465
LinearAcceleration,347059199,-0.76689273,-3.4469023,0.3923498
Gyroscope,347059219,0.27421185,-0.10249149,0.24198148
LinearAcceleration,347059220,-0.6856395,-3.2746694,0.3636194
Gyroscope,347059239,0.24225391,-0.14297153,0.21321933
LinearAcceleration,347059239,-0.79173255,-2.9324481,0.29194298
Gyroscope,347059259,0.1889907,-0.16747262,0.19724037
LinearAcceleration,347059259,-0.8821137,-2.6996121,0.29673138
Gyroscope,347059279,0.121879034,-0.18345158,0.12906344
LinearAcceleration,347059279,-0.9708488,-2.1294928,0.1822586
Gyroscope,347059299,0.10163901,-0.1919737,0.05129914
LinearAcceleration,347059299,-1.0651205,-1.627309,0.090979666
Gyroscope,347059319,0.08459478,-0.18451685,-0.0253999
LinearAcceleration,347059319,-1.1044751,-1.2379519,0.13257892
Gyroscope,347059339,0.024939971,-0.16534209,-0.09783788
LinearAcceleration,347059339,-1.1897686,-0.8050503,0.03696049
Gyroscope,347059359,-0.052824333,-0.13125363,-0.18945062
LinearAcceleration,347059359,-1.1959038,-0.19841947,-0.099658646
Gyroscope,347059379,-0.16574237,-0.10142622,-0.31728235
LinearAcceleration,347059379,-1.2047324,1.3624504,-0.4293103
Gyroscope,347059399,-0.24989825,-0.024727184,-0.34924027
LinearAcceleration,347059399,-1.1278186,2.3868694,-0.6319196
Gyroscope,347059419,-0.212614,0.14251933,-0.13086107
LinearAcceleration,347059419,-0.42751464,1.347786,-0.50637364
Gyroscope,347059439,-0.22859296,0.28206897,0.0704739
LinearAcceleration,347059439,1.20982,1.2235867,-0.20530279
Gyroscope,347059459,-0.28824776,0.2181531,0.13971609
LinearAcceleration,347059459,2.4191911,2.158672,-0.8283938
Gyroscope,347059479,-0.5641513,-0.14723259,-0.29917285
LinearAcceleration,347059479,1.6525977,6.4609027,-2.1522377
Gyroscope,347059499,-0.54710704,-0.11207887,-0.06801048
LinearAcceleration,347059499,1.0817302,2.6705823,-1.5930419
Gyroscope,347059519,-0.19237398,0.039188683,0.45503435
LinearAcceleration,347059519,1.5951369,-2.7023056,-1.0323498
Gyroscope,347059539,-0.50662696,-0.17279895,-0.46109304
LinearAcceleration,347059539,0.4421791,2.4230819,-3.1028855
Gyroscope,347059559,-0.47788003,-0.24310666,-1.025679
LinearAcceleration,347059560,-0.13512276,7.9512935,-4.1871595
Gyroscope,347059579,0.16980076,-0.07266435,-0.54844046
LinearAcceleration,347059579,0.24884734,5.422867,-3.6911108
Gyroscope,347059599,0.42759475,0.083929524,-0.15855369
LinearAcceleration,347059599,0.6808511,3.2752678,-2.9331963
Gyroscope,347059619,0.3753968,0.16595489,0.113088734
LinearAcceleration,347059619,0.9470564,1.8715175,-1.9979613
Gyroscope,347059639,0.3327862,0.19578229,0.43586385
LinearAcceleration,347059639,0.9506477,-1.2621932,-1.0972925
Gyroscope,347059659,0.10695015,0.174477,0.54665136
LinearAcceleration,347059659,0.60558337,-3.2315738,-0.3800795
Gyroscope,347059679,-0.21689023,0.13825801,0.4497123
LinearAcceleration,347059679,-0.13153146,-3.2055368,-0.16983868
Gyroscope,347059699,-0.3585704,0.15530224,0.41136277
LinearAcceleration,347059699,-0.7067384,-3.0582933,-0.017956512
Gyroscope,347059719,-0.37561464,0.20536967,0.40816697
LinearAcceleration,347059720,-0.82106155,-3.338415,0.30765492
Gyroscope,347059739,-0.42568207,0.26289394,0.38153538
LinearAcceleration,347059739,-0.8141782,-3.9568672,0.7055413
Gyroscope,347059759,-0.56736225,0.33746246,0.32188058
LinearAcceleration,347059759,-1.2360066,-4.297891,0.79637134
Gyroscope,347059779,-0.7644361,0.47807735,0.26009524
LinearAcceleration,347059779,-1.7497126,-4.140772,0.5455787
Gyroscope,347059799,-0.9306174,0.69645655,0.20896253
LinearAcceleration,347059799,-2.1615152,-3.7931638,0.35957918
Gyroscope,347059819,-1.0446007,0.9766211,0.17380881
LinearAcceleration,347059819,-2.7635074,-3.6391866,0.09831191
Gyroscope,347059839,-1.1564535,1.343072,0.12587191
LinearAcceleration,347059839,-3.159598,-2.8956373,-0.3549404
Gyroscope,347059859,-1.2246304,1.7734389,0.12374138
LinearAcceleration,347059859,-3.1492732,-2.31235,-0.48557404
Gyroscope,347059879,-1.2640451,2.2080667,0.12800243
LinearAcceleration,347059879,-2.957288,-2.2496517,-0.3127426
Gyroscope,347059899,-1.3141125,2.6309767,0.13545929
LinearAcceleration,347059899,-2.6325743,-2.4368484,-0.1678934
Gyroscope,347059919,-1.4046601,3.0091457,0.071543425
LinearAcceleration,347059919,-2.1209633,-1.4296377,-0.18330607
Gyroscope,347059939,-1.4408791,3.2946365,-0.04989672
LinearAcceleration,347059939,-1.1426327,-0.0676362,0.22310968
Gyroscope,347059959,-1.359919,3.4224682,-0.13085681
LinearAcceleration,347059959,-0.045340195,1.1715128,0.2503437
Gyroscope,347059979,-1.2523272,3.3596177,-0.28532016
LinearAcceleration,347059979,0.6474819,2.6515784,0.053869538
Gyroscope,347059999,-1.0605797,3.2094154,-0.3439097
LinearAcceleration,347059999,1.3316251,2.4627357,0.542137
Gyroscope,347060019,-0.7260866,2.9921014,-0.19690321
LinearAcceleration,347060019,2.2278047,0.47061026,1.2000936
Gyroscope,347060039,-0.5417959,2.62352,-0.14577052
LinearAcceleration,347060039,3.6578913,0.7685388,0.6666355
Gyroscope,347060059,-1.0328777,2.1207154,-0.5761387
LinearAcceleration,347060060,0.9244611,4.670489,2.0015526
Gyroscope,347060079,-0.9465913,2.0077972,0.026800988
LinearAcceleration,347060079,2.591873,1.7652749,2.1544824
Gyroscope,347060099,-0.70158046,1.6892833,0.2963129
LinearAcceleration,347060099,1.8562545,0.16849194,1.7670705
Gyroscope,347060119,-1.0147682,1.2962008,-0.11914024
LinearAcceleration,347060119,1.4001591,3.056348,2.1688476
Gyroscope,347060139,-1.126621,0.9361413,-0.26614672
LinearAcceleration,347060139,1.1148002,4.4373536,1.7851766
Gyroscope,347060159,-1.0680314,0.6794126,-0.22034036
LinearAcceleration,347060159,0.40521863,3.8135145,1.3322237
Gyroscope,347060179,-1.0041156,0.5622335,-0.12766236
LinearAcceleration,347060179,0.011073183,3.0301616,1.4154221
Gyroscope,347060199,-0.9678966,0.54305875,0.0065609636
LinearAcceleration,347060199,-0.0034416649,2.6014497,1.2797008
Gyroscope,347060219,-0.94446075,0.57608193,0.17593801
LinearAcceleration,347060219,0.106691614,1.8496704,1.2413936
Gyroscope,347060239,-0.8475217,0.60910517,0.32081398
LinearAcceleration,347060239,0.3772364,0.6371569,0.98207164
Gyroscope,347060259,-0.72182053,0.596322,0.34318453
LinearAcceleration,347060259,0.46701896,0.13961188,0.46103346
Gyroscope,347060279,-0.5513782,0.5537114,0.31229186
LinearAcceleration,347060279,0.6759131,-0.4091092,-0.2184709
Gyroscope,347060299,-0.35856533,0.49192607,0.2952476
LinearAcceleration,347060299,0.7142203,-0.7932289,-0.69895726
Gyroscope,347060319,-0.17533986,0.42587966,0.30909607
LinearAcceleration,347060319,0.63176996,-1.6745944,-1.0809821
Gyroscope,347060339,-0.058160774,0.35450694,0.30057395
LinearAcceleration,347060339,0.3238158,-2.5394998,-1.3395559
Gyroscope,347060359,-0.021941785,0.2841995,0.23133175
LinearAcceleration,347060359,0.30496144,-2.6889877,-1.441908
Gyroscope,347060379,-0.0038322888,0.2000436,0.16315484
LinearAcceleration,347060380,0.076614454,-2.467075,-1.3667899
Gyroscope,347060401,0.012146678,0.12227931,0.122674786
LinearAcceleration,347060402,-0.31064767,-2.249203,-1.2533646
Gyroscope,347061088,-0.02087652,0.06582029,0.06621577
LinearAcceleration,347061100,-0.6768109,-1.5170261,-1.2835914
Gyroscope,347061101,-0.06455236,0.05836344,0.028931517
LinearAcceleration,347061101,-0.9446622,-0.6738181,-1.129764
Gyroscope,347061102,-0.023007048,0.09351717,0.061954714
LinearAcceleration,347061102,-0.89558107,-0.3302502,-0.98177236
Gyroscope,347061103,0.089910984,0.10630034,0.08219474
LinearAcceleration,347061103,-0.6096236,-0.38486794,-0.6422446
Gyroscope,347061103,0.0952373,0.054102384,0.0086914925
LinearAcceleration,347061104,-0.3465607,0.18629882,-0.2789245
Gyroscope,347061104,-0.087988175,-0.019400863,-0.12553182
LinearAcceleration,347061104,-0.25887305,1.6291046,-0.06344634
Gyroscope,347061105,-0.21475464,0.48020816,0.26755074
LinearAcceleration,347061105,0.9246108,-1.2164041,-0.14335282
Gyroscope,347061106,0.023864586,0.073277146,-0.05202858
LinearAcceleration,347061106,-0.4540005,1.8547581,-0.07885902
Gyroscope,347061106,0.13039103,0.13293195,0.03425784
LinearAcceleration,347061107,-0.13826515,1.3100772,0.1261445
Gyroscope,347061107,0.2603533,0.1254751,0.06088945
LinearAcceleration,347061108,-0.18839374,1.7812861,-0.036661215
Gyroscope,347061108,0.09630257,0.15743303,0.023605194
LinearAcceleration,347061108,-0.4091092,2.6985645,0.8108862
Gyroscope,347061120,0.38072816,0.24371946,0.36981612
LinearAcceleration,347061120,-0.5318121,-0.405069,0.49006316
Gyroscope,347061139,0.3349218,0.24158892,0.40816566
LinearAcceleration,347061140,-0.38172552,-1.9180548,1.7280151
Gyroscope,347061159,-0.3053021,0.1616941,0.021474665
LinearAcceleration,347061160,-0.2650082,0.19662382,2.0473418
Gyroscope,347061179,-0.73779947,0.025340244,-0.35562894
LinearAcceleration,347061180,-0.5187936,2.1845593,1.8685248
Gyroscope,347061199,-0.7697574,-0.05242406,-0.37586898
LinearAcceleration,347061200,-0.5484218,3.019687,1.7449241
Gyroscope,347061219,-0.6738836,-0.06946829,-0.25868988
LinearAcceleration,347061220,-0.48527476,2.7521348,1.652897
Gyroscope,347061239,-0.57694453,-0.044967208,-0.04989805
LinearAcceleration,347061240,-0.39743748,1.7193362,1.5557822
Gyroscope,347061259,-0.51942027,-0.031118771,0.08326
LinearAcceleration,347061260,-0.30735564,0.8867524,0.96067345
Gyroscope,347061280,-0.3841317,-0.04070615,0.11947899
LinearAcceleration,347061280,-0.32710782,0.64718264,0.15263036
Gyroscope,347061299,-0.103967145,-0.051358797,0.13545796
LinearAcceleration,347061300,-0.36107555,0.68130004,-0.4695628
Gyroscope,347061319,0.2656796,-0.039640885,0.212157
LinearAcceleration,347061320,-0.40940848,0.068534024,-0.60468554
Gyroscope,347061339,0.58952,-0.019400863,0.3176182
LinearAcceleration,347061340,-0.1551742,-1.1768998,-0.47345337
Gyroscope,347061359,0.74717915,-0.017270334,0.36129403
LinearAcceleration,347061360,-0.08738836,-2.2801778,-0.5113117
Gyroscope,347061379,0.75570124,-0.038575623,0.2984434
LinearAcceleration,347061380,-0.10295067,-2.0147207,-0.7962217
Gyroscope,347061399,0.80576867,-0.06414197,0.2600939
LinearAcceleration,347061400,-0.28580782,-2.2183776,-0.8348282
Gyroscope,347061419,0.851575,-0.08331673,0.22280964
LinearAcceleration,347061420,-0.4269161,-2.3126493,-0.89797527
Gyroscope,347061439,0.811095,-0.093969375,0.13013163
LinearAcceleration,347061440,-0.5539584,-1.3344681,-0.9958383
Gyroscope,347061459,0.83240026,-0.08438199,0.076868415
LinearAcceleration,347061460,-0.6878841,-0.70733696,-0.93957454
Gyroscope,347061479,0.94105726,-0.05988091,0.058758922
LinearAcceleration,347061480,-0.76569563,-1.0473136,-0.86251116
Gyroscope,347061499,0.9826026,-0.051358797,-0.022201177
LinearAcceleration,347061500,-0.72753805,-0.6322189,-0.71721303
Gyroscope,347061519,0.8920551,-0.08438199,-0.18412137
LinearAcceleration,347061520,-0.48123455,0.6109703,-0.3465607
Gyroscope,347061539,0.7631581,-0.13018836,-0.2906478
LinearAcceleration,347061540,-0.27997196,1.2909236,-0.2415151
Gyroscope,347061559,0.77594125,-0.16640735,-0.26614672
LinearAcceleration,347061560,0.11731588,-0.23133974,0.033069912
Gyroscope,347061579,0.69924223,-0.21967058,-0.22673194
LinearAcceleration,347061580,0.73576814,0.51595044,-0.2587234
Gyroscope,347061599,0.13997841,-0.37306866,-0.5729429
LinearAcceleration,347061600,0.5409399,5.4159837,1.0754455
Gyroscope,347061619,0.054757256,-0.418875,-0.4046311
LinearAcceleration,347061620,1.4704888,3.75336,-0.3211223
Gyroscope,347061639,0.295507,-0.48492143,-0.3300626
LinearAcceleration,347061640,0.7959224,3.17127,-0.791134
Gyroscope,347061659,0.62680423,-0.43378872,-0.20329612
LinearAcceleration,347061660,1.110311,3.3628058,-0.8689456
Gyroscope,347061679,0.8025729,-0.36348128,-0.011548531
LinearAcceleration,347061680,1.5617677,2.069488,-0.040102877
Gyroscope,347061699,0.61189055,-0.3027612,0.1493064
LinearAcceleration,347061700,1.8182466,1.0170869,0.39579147
Gyroscope,347061719,0.24757011,-0.26547694,0.24624546
LinearAcceleration,347061720,1.8221371,1.2054806,0.19033903
Gyroscope,347061739,-0.004897553,-0.22819269,0.31868345
LinearAcceleration,347061740,1.5243583,0.9513959,0.27069443
Gyroscope,347061759,-0.074139744,-0.18771264,0.34851083
LinearAcceleration,347061760,1.2126632,0.2347814,-0.08259996
Gyroscope,347061780,-0.06988374,-0.15149365,0.2398552
LinearAcceleration,347061780,0.63880295,-0.32680854,-0.115969144
Gyroscope,347061799,0.049425874,-0.111013606,0.098175034
LinearAcceleration,347061800,0.25558102,-1.010802,-0.20365678
Gyroscope,347061819,0.20921554,-0.09823043,-0.07652833
LinearAcceleration,347061820,0.11462241,-1.9321208,-0.30870238
Gyroscope,347061839,0.3093504,-0.11847045,-0.2693412
LinearAcceleration,347061840,-0.027383681,-2.0970213,-0.62802905
Gyroscope,347061859,0.38604942,-0.15681997,-0.4270003
LinearAcceleration,347061860,-0.11492168,-1.6733973,-0.82121116
Gyroscope,347061879,0.51388115,-0.19730002,-0.4696109
LinearAcceleration,347061880,-0.3199252,-1.7711107,-0.70045364
Gyroscope,347061899,0.6417129,-0.22393163,-0.42913085
LinearAcceleration,347061900,0.035164837,-2.1927896,-0.52612585
Gyroscope,347061919,0.6917803,-0.28678223,-0.40782556
LinearAcceleration,347061920,0.3333926,-1.9675848,0.045190558
Gyroscope,347061939,0.706694,-0.41035292,-0.38438976
LinearAcceleration,347061940,0.7873931,-1.1171944,0.38980597
Gyroscope,347061959,0.670475,-0.59464365,-0.385455
LinearAcceleration,347061960,1.4586674,0.16534956,0.3429694
Gyroscope,347061979,0.7610225,-0.86522084,-0.34817076
LinearAcceleration,347061980,2.042703,1.1679215,0.89228904
Gyroscope,347061999,0.9730101,-1.1784085,-0.17453265
LinearAcceleration,347062000,2.3012767,0.72529346,0.9207202
Gyroscope,347062019,1.1945851,-1.5054448,-0.024330374
LinearAcceleration,347062020,2.0416555,0.5163994,1.0257658
Gyroscope,347062039,1.351179,-1.7930661,0.060890783
LinearAcceleration,347062040,1.2541127,1.2708722,0.35718498
Gyroscope,347062059,1.4385307,-1.9826832,0.10776242
LinearAcceleration,347062060,0.9745897,2.530372,-0.11192893
Gyroscope,347062079,1.5812762,-2.098797,0.30483633
LinearAcceleration,347062080,0.7793127,0.5443816,1.1834838
Gyroscope,347062099,1.6334741,-2.2287593,0.48486602
LinearAcceleration,347062100,0.51580083,0.002244564,-0.37214872
Gyroscope,347062119,1.1338651,-2.4396815,-0.033917755
LinearAcceleration,347062120,-1.1839328,5.2664957,-1.3519758
Gyroscope,347062139,1.1849978,-2.2468688,0.5072366
LinearAcceleration,347062140,-1.0938509,0.79038584,0.7456442
Gyroscope,347062159,1.2680883,-2.0774918,0.92055917
LinearAcceleration,347062160,-1.2111667,-5.400571,2.4202387
Gyroscope,347062179,0.49044535,-2.0615127,0.3740785
LinearAcceleration,347062180,-2.0893898,-2.2890065,1.2578537
Gyroscope,347062199,-0.4310084,-1.9773569,-0.41102135
LinearAcceleration,347062200,-2.8670566,5.9404635,0.25677812
Gyroscope,347062219,-0.46403158,-1.5203584,0.10669715
LinearAcceleration,347062220,-2.4953568,5.66094,-0.2439093
Gyroscope,347062239,-0.22860815,-0.9877262,0.68407047
LinearAcceleration,347062240,-1.5300446,2.5115175,0.21398178
Gyroscope,347062259,-0.26802292,-0.67879957,0.63400304
LinearAcceleration,347062260,-0.92401224,1.936161,0.8348282
Gyroscope,347062280,-0.2243825,-0.5147491,0.46570137
LinearAcceleration,347062280,-0.91593176,1.460912,0.6618471
Gyroscope,347062299,-0.050744403,-0.37626472,0.44333082
LinearAcceleration,347062300,-0.66139823,-0.4882675,0.7137714
Gyroscope,347062319,0.06430416,-0.29210883,0.29312855
LinearAcceleration,347062320,-0.62698156,-1.4303858,0.37798458
Gyroscope,347062339,0.20811485,-0.24417192,0.14612205
LinearAcceleration,347062340,-0.46462476,-1.6566379,0.19512744
Gyroscope,347062359,0.41903722,-0.24417192,0.103511475
LinearAcceleration,347062360,-0.2971803,-2.3500586,0.36855742
Gyroscope,347062379,0.5202373,-0.29104355,0.06835775
LinearAcceleration,347062380,-0.5538088,-3.437924,1.0235212
Gyroscope,347062399,0.4126456,-0.33898047,0.08433672
LinearAcceleration,347062400,0.13916297,-3.8670847,0.7278373
Gyroscope,347062419,0.20598432,-0.45615953,-0.029646575
LinearAcceleration,347062420,-0.14634559,-2.3132477,0.66154784
Gyroscope,347062439,0.20811485,-0.5381849,0.027877703
LinearAcceleration,347062440,-0.3474585,-2.2635682,0.5199907
Gyroscope,347062459,0.18680957,-0.5839913,0.010833473
LinearAcceleration,347062460,-0.5330092,-1.6982372,0.68623805
Gyroscope,347062479,0.17828745,-0.5946439,0.028942969
LinearAcceleration,347062480,-0.4321534,-1.630601,0.83018947
Gyroscope,347062499,0.119697906,-0.6095576,0.006572415
LinearAcceleration,347062500,-0.51071316,-0.5882254,0.5832874
Gyroscope,347062519,0.13674213,-0.60529655,0.04705246
LinearAcceleration,347062520,-0.45205522,0.21039048,0.6842928
Gyroscope,347062539,0.2762918,-0.63192815,0.12801255
LinearAcceleration,347062540,0.10908581,-0.34566286,0.9256582
Gyroscope,347062559,0.3359466,-0.80343574,0.02681244
LinearAcceleration,347062560,0.521936,0.93119484,0.8951322
Gyroscope,347062579,0.3540561,-1.0633602,-0.10101929
LinearAcceleration,347062580,0.25902268,2.784756,0.47165772
Gyroscope,347062599,0.458452,-1.2529774,0.03213876
LinearAcceleration,347062600,0.20590134,2.327164,0.5530606
Gyroscope,347062619,0.5532605,-1.3584385,0.290998
LinearAcceleration,347062620,0.62458736,1.1236287,0.8466496
Gyroscope,347062639,0.50425833,-1.4915966,0.40711185
LinearAcceleration,347062640,0.57011926,2.9319992,-0.46492404
Gyroscope,347062659,0.32848972,-1.7003884,0.20258106
LinearAcceleration,347062660,-0.3119944,5.696853,-0.9153332
Gyroscope,347062679,0.34340343,-1.5896009,0.6499921
LinearAcceleration,347062680,-0.9626187,1.846977,-0.930297
Gyroscope,347062699,0.2762918,-1.3861353,0.7511923
LinearAcceleration,347062700,-1.3760674,0.13691841,-1.3826514
Gyroscope,347062719,0.2070496,-1.1219498,0.52322567
LinearAcceleration,347062720,-1.4013562,-0.04878186,-1.9740193
Gyroscope,347062739,0.3711003,-0.91635376,0.20045054
LinearAcceleration,347062740,-1.3901334,0.99972886,-2.6355672
Gyroscope,347062759,0.45632148,-0.70756197,-0.05947398
LinearAcceleration,347062760,-0.9621698,2.666542,-2.944868
Gyroscope,347062780,0.48934466,-0.43698478,0.057705108
LinearAcceleration,347062780,-0.34192193,1.865981,-2.4416368
Gyroscope,347062799,0.42649406,-0.22499716,0.26862746
LinearAcceleration,347062800,0.22191256,0.36945525,-1.7314568
Gyroscope,347062819,0.2667044,-0.13018863,0.3186949
LinearAcceleration,347062820,0.4417302,-0.42960957,-1.2354081
Gyroscope,347062839,0.14526425,-0.095034905,0.31762964
LinearAcceleration,347062840,0.5433341,-0.99853176,-0.57879823
Gyroscope,347062859,0.08454418,-0.105687544,0.2760843
LinearAcceleration,347062860,0.42167878,-1.8890251,0.16729484
Gyroscope,347062879,0.012106198,-0.124862306,0.2196253
LinearAcceleration,347062880,0.22325931,-2.7135284,0.6163573
Gyroscope,347062899,-0.09761604,-0.14403707,0.103511475
LinearAcceleration,347062900,-0.03172317,-2.602198,0.748188
Gyroscope,347062919,-0.15727085,-0.14936338,0.023616645
LinearAcceleration,347062920,-0.3410241,-2.3567922,0.7333739
Gyroscope,347062939,-0.1796414,-0.1312539,0.0055071507
LinearAcceleration,347062940,-0.48796824,-2.2269068,0.6277298
Gyroscope,347062959,-0.21053407,-0.10249175,-0.017928667
LinearAcceleration,347062960,-0.40402153,-2.0854993,0.6955156
Gyroscope,347062979,-0.23610042,-0.07479488,-0.015798138
LinearAcceleration,347062980,-0.46582186,-1.9065328,0.5933131
Gyroscope,347062999,-0.26486257,-0.028988509,-0.009406551
LinearAcceleration,347063000,-0.65660983,-1.5336359,0.17208324
Gyroscope,347063019,-0.25953624,0.04984106,0.012964002
LinearAcceleration,347063020,-0.537199,-1.245733,-0.013317747
Gyroscope,347063039,-0.22970882,0.12227904,0.023616645
LinearAcceleration,347063040,-0.38606504,-1.0883143,-0.054767363
Gyroscope,347063059,-0.19881617,0.19578229,0.03213876
LinearAcceleration,347063060,-0.29254153,-1.2072762,-0.10130466
Gyroscope,347063079,-0.15940137,0.27354658,0.003376622
LinearAcceleration,347063080,-0.41359833,-1.1715128,-0.36870706
Gyroscope,347063099,-0.08696339,0.36515933,-0.060539246
LinearAcceleration,347063100,-0.3624223,-0.76434886,-0.9192238
Gyroscope,347063119,-0.06139705,0.4344015,-0.1968931
LinearAcceleration,347063120,0.25094226,0.8252514,-1.316811
Gyroscope,347063139,-0.031569645,0.43972784,-0.24269946
LinearAcceleration,347063140,1.1869255,1.417966,-0.7674913
Gyroscope,347063159,0.030215694,0.36515933,-0.17665307
LinearAcceleration,347063160,2.005443,0.018555064,0.06060323
Gyroscope,347063179,0.025954636,0.20643494,-0.11380246
LinearAcceleration,347063180,1.4989198,0.35359368,-0.37140054
Gyroscope,347063199,-0.17751087,-0.050293796,-0.5484303
LinearAcceleration,347063200,-0.49649757,5.8834515,-2.1384711
Gyroscope,347063219,-0.013460149,0.09671269,-0.28744057
LinearAcceleration,347063220,-0.30989948,3.8187518,-0.67785835
Gyroscope,347063239,0.45419094,0.2756771,0.22921269
LinearAcceleration,347063240,0.6299743,-1.1547534,0.90500826
Gyroscope,347063259,0.2038538,0.18406437,-0.14789093
LinearAcceleration,347063260,0.071975686,1.0482115,0.3660136
Gyroscope,347063280,-0.15087393,0.099908486,-0.46108025
LinearAcceleration,347063280,-0.7926304,4.872051,-0.22819735
Gyroscope,347063299,-0.15620026,0.23200127,-0.109543
LinearAcceleration,347063300,-0.8842086,3.606416,-0.30660746
Gyroscope,347063320,-0.21692033,0.4173573,0.18020892
LinearAcceleration,347063329,-0.7200562,2.3648727,0.11432313
Gyroscope,347063342,-0.33303416,0.5558417,0.25371218
LinearAcceleration,347063343,-0.37663785,2.2845173,0.17013796
Gyroscope,347064142,-0.27977094,0.62508386,0.2856701
LinearAcceleration,347064148,0.13961188,1.4820108,0.5336077
Gyroscope,347064148,-0.1519392,0.6186923,0.3304112
LinearAcceleration,347064149,0.7140707,0.05925649,1.0022727
Gyroscope,347064149,-0.0560654,0.5334711,0.3091059
LinearAcceleration,347064149,0.9282021,-0.91578215,1.2464813
Gyroscope,347064150,0.022764169,0.4109657,0.26969114
LinearAcceleration,347064150,0.789488,-1.4347254,1.1599907
Gyroscope,347064150,0.106920056,0.29804766,0.22281949
LinearAcceleration,347064150,0.41165304,-1.6476597,0.89543146
Gyroscope,347064151,0.20279385,0.21282652,0.16742575
LinearAcceleration,347064151,-0.017956512,-1.840393,0.75971013
Gyroscope,347064151,0.29547185,0.15530224,0.10031409
LinearAcceleration,347064152,-0.4026748,-2.1516392,0.7787141
Gyroscope,347064152,-0.20735824,-0.20795293,0.29632995
LinearAcceleration,347064152,0.185401,1.2349591,-0.6940192
Gyroscope,347064152,-0.10083181,-0.22819296,0.16743293
LinearAcceleration,347064153,0.010324995,-0.119261175,-0.77617025
Gyroscope,347064153,-0.62920296,1.999275,-0.2778476
LinearAcceleration,347064153,1.7672201,-2.0114286,2.666093
Gyroscope,347064154,-0.57913554,1.6946093,-0.3918309
LinearAcceleration,347064154,1.400608,-1.5750854,1.7419313
Gyroscope,347064154,-0.5471776,1.4687732,-0.44722465
LinearAcceleration,347064154,1.2529156,-0.5767033,1.0619781
Gyroscope,347064155,-0.4331943,1.3153752,-0.37265614
LinearAcceleration,347064155,1.5580268,-0.8797195,1.1480197
Gyroscope,347064160,-0.36395213,1.1385413,-0.3502856
LinearAcceleration,347064160,1.3109751,-1.1348516,0.90411043
Gyroscope,347064179,-0.3138847,0.9915348,-0.39076564
LinearAcceleration,347064180,0.5455787,-0.8924387,0.3302502
Gyroscope,347064199,-0.25422987,0.9798169,-0.38970035
LinearAcceleration,347064200,-0.13183074,-1.0589854,-0.16699557
Gyroscope,347064219,-0.32347208,1.0746255,-0.43231094
LinearAcceleration,347064220,-0.58777654,-0.3784335,-0.55725044
Gyroscope,347064239,-0.52480704,1.2471982,-0.5356416
LinearAcceleration,347064240,-1.1369466,0.79532385,-0.8794202
Gyroscope,347064259,-0.67820513,1.5369502,-0.4909005
LinearAcceleration,347064260,-1.1044751,0.351798,-0.28072014
Gyroscope,347064280,-0.78684694,1.8192452,-0.42805415
LinearAcceleration,347064280,-1.0263643,0.4978443,-0.7830536
Gyroscope,347064299,-1.286456,1.8916832,-1.0288633
LinearAcceleration,347064300,-1.0931027,8.902241,-2.0021513
Gyroscope,347064319,-1.0872515,2.1718478,-0.564408
LinearAcceleration,347064320,0.40372226,7.271939,-0.13227965
Gyroscope,347064339,-0.24356206,2.4530776,0.49979118
LinearAcceleration,347064340,0.53226095,-1.615338,2.347066
Gyroscope,347064359,-0.3149348,2.3795743,0.31550044
LinearAcceleration,347064360,0.9900024,-4.225317,4.2292075
Gyroscope,347064379,-1.0787294,1.915119,-0.7646777
LinearAcceleration,347064380,1.1360487,1.8182466,3.6429274
Gyroscope,347064399,-1.3588939,1.4826217,-1.2674825
LinearAcceleration,347064400,0.70599025,6.7950435,2.9414265
Gyroscope,347064419,-0.8422407,1.2802215,-0.70289236
LinearAcceleration,347064420,0.99763393,3.2031426,2.6520274
Gyroscope,347064439,-0.74423635,1.0874087,-0.5004921
LinearAcceleration,347064440,0.561141,2.3948002,2.5104702
Gyroscope,347064459,-0.79856485,0.91590106,-0.43018466
LinearAcceleration,347064460,0.34311903,3.5257614,1.9795558
Gyroscope,347064479,-0.5748593,0.78380823,-0.19369596
LinearAcceleration,347064480,0.3151368,1.6636709,1.6995839
Gyroscope,347064499,-0.3745896,0.63999754,-0.07545161
LinearAcceleration,347064500,0.21996728,0.3878607,1.2379519
Gyroscope,347064519,-0.23823574,0.50470895,-0.052015796
LinearAcceleration,347064520,0.038007952,-0.10654198,0.63176996
Gyroscope,347064539,-0.07525028,0.40990043,0.012965334
LinearAcceleration,347064540,-0.014215573,-0.7698855,0.23567922
Gyroscope,347064559,0.071756214,0.33746246,0.07475067
LinearAcceleration,347064560,-0.09053075,-1.4923358,-0.04189853
Gyroscope,347064579,0.16869527,0.2756771,0.099251755
LinearAcceleration,347064580,-0.32695818,-2.1088428,-0.23537995
Gyroscope,347064599,0.19213109,0.23626234,0.081142254
LinearAcceleration,347064600,-0.533907,-2.206556,-0.372448
Gyroscope,347064619,0.19426163,0.22560969,0.05983697
LinearAcceleration,347064620,-0.7190087,-2.1386206,-0.5006874
Gyroscope,347064639,0.22089323,0.23306654,0.044923265
LinearAcceleration,347064640,-0.7909844,-2.2108955,-0.5527613
Gyroscope,347064659,0.2251543,0.23839286,0.0033779535
LinearAcceleration,347064660,-0.85068977,-2.0513818,-0.5102642
Gyroscope,347064679,0.2070448,0.25650236,-0.029645244
LinearAcceleration,347064680,-1.0925041,-1.6759412,-0.4743512
Gyroscope,347064699,0.19852267,0.31296137,-0.003013633
LinearAcceleration,347064700,-0.97623575,-1.7040731,-0.29658175
Gyroscope,347064719,0.19958794,0.34598458,-0.0019483686
LinearAcceleration,347064720,-0.82390463,-1.415871,-0.14873978
Gyroscope,347064739,0.24006799,0.32787508,-0.034971565
LinearAcceleration,347064740,-0.8016087,-0.94690675,0.016759412
Gyroscope,347064759,0.29759228,0.27354658,-0.08823479
LinearAcceleration,347064760,-0.5882254,-0.66738373,0.16205753
Gyroscope,347064780,0.23900779,0.16595489,-0.21074153
LinearAcceleration,347064780,-0.47210664,0.98416656,0.06838439
Gyroscope,347064799,0.15059084,0.034927357,-0.33218166
LinearAcceleration,347064800,-0.60558337,2.6918309,0.12674305
Gyroscope,347064819,0.27096573,-0.028988509,-0.17665307
LinearAcceleration,347064820,-0.5942109,1.2883798,0.1237503
Gyroscope,347064839,0.24966043,-0.013009542,0.0097682085
LinearAcceleration,347064840,-0.27727848,0.6474819,0.27682957
Gyroscope,347064859,-0.072049424,-0.04816327,-0.089301385
LinearAcceleration,347064860,0.35718498,5.0547585,-1.0242695
Gyroscope,347064879,-0.2733844,-0.1280581,-0.1787836
LinearAcceleration,347064880,-0.39264908,4.6546273,1.373374
Gyroscope,347064899,-0.12105159,-0.07053382,0.26330113
LinearAcceleration,347064900,0.21502924,1.0866683,0.24495676
Gyroscope,347064919,-0.27231914,-0.021531656,0.24093059
LinearAcceleration,347064920,0.90021986,1.1994951,-0.17881694
Gyroscope,347064939,-0.14342214,0.0786032,0.4081771
LinearAcceleration,347064940,1.4164696,1.6835726,-1.0664672
Gyroscope,347064959,0.06430442,0.14251907,0.54559624
LinearAcceleration,347064960,1.5949873,1.3982137,-0.5880758
Gyroscope,347064979,0.06323916,0.18299912,0.6361437
LinearAcceleration,347064980,1.8843864,-0.3309984,-0.14529811
Gyroscope,347064999,-0.25953597,0.16488962,0.46144032
LinearAcceleration,347065000,1.3112743,0.13347675,-0.5017349
Gyroscope,347065019,-0.48217624,0.1893907,0.27821484
LinearAcceleration,347065020,0.962918,0.4014777,-0.6145617
Gyroscope,347065039,-0.5556795,0.26502448,0.12907782
LinearAcceleration,347065040,0.27383682,0.30376434,-0.8632594
Gyroscope,347065059,-0.57165843,0.4024436,-0.061604507
LinearAcceleration,347065060,-0.16145898,0.92042094,-0.96905315
Gyroscope,347065079,-0.4438267,0.5579722,-0.19050151
LinearAcceleration,347065080,0.02124854,0.36825815,-0.78050977
Gyroscope,347065099,-0.28190652,0.64958495,-0.2895711
LinearAcceleration,347065100,0.24944589,-0.32321724,-0.6001964
Gyroscope,347065119,-0.117855795,0.66023755,-0.33324695
LinearAcceleration,347065120,0.43020812,-1.1050737,-0.46327803
Gyroscope,347065139,-0.00813356,0.6005828,-0.34176904
LinearAcceleration,347065140,0.75746554,-1.7393875,-0.49679685
Gyroscope,347065159,0.032346487,0.46955526,-0.35029116
LinearAcceleration,347065160,0.90889883,-2.1077952,-0.43843818
Gyroscope,347065179,0.016367521,0.29485187,-0.33218166
LinearAcceleration,347065180,1.0100539,-2.1930888,-0.69446814
Gyroscope,347065199,-0.023047263,0.10416955,-0.3140722
LinearAcceleration,347065200,0.68504095,-1.936161,-0.9190742
Gyroscope,347065219,-0.021981997,-0.04177168,-0.2597437
LinearAcceleration,347065220,0.4499603,-2.0437505,-0.96067345
Gyroscope,347065239,-0.049678873,-0.13871074,-0.21819837
LinearAcceleration,347065240,0.22161329,-2.0838532,-0.8309376
Gyroscope,347065259,-0.1327695,-0.18984343,-0.18304466
LinearAcceleration,347065260,0.31019875,-1.7037737,-0.98446584
Gyroscope,347065280,-0.20202686,-0.22180137,-0.17132248
LinearAcceleration,347065280,0.22041619,-0.927005,-1.0121487
Gyroscope,347065299,-0.18711317,-0.22180137,-0.123385586
LinearAcceleration,347065300,0.1619079,-0.99134916,-0.93852705
Gyroscope,347065319,-0.19883107,-0.19836555,-0.13084243
LinearAcceleration,347065320,0.21936873,0.12434885,-1.3741221
Gyroscope,347065339,-0.12213203,-0.15575497,-0.13403822
LinearAcceleration,347065340,0.30137014,1.2826935,-1.2306197
Gyroscope,347065359,0.07813768,-0.08651279,-0.006206497
LinearAcceleration,347065360,0.59106857,1.1171944,-0.7800608
Gyroscope,347065379,0.083464004,-0.050293796,0.01722932
LinearAcceleration,347065380,1.3995606,2.242918,-0.3366846
Gyroscope,347065399,0.057897653,-0.079055935,0.021490378
LinearAcceleration,347065400,1.5266029,3.4603696,0.2638111
Gyroscope,347065419,0.32208323,-0.1312539,0.21004218
LinearAcceleration,347065420,1.6237177,1.3002012,1.0375872
Gyroscope,347065439,0.43180546,-0.24736771,0.20258532
LinearAcceleration,347065440,1.582268,2.9620764,0.49455228
Gyroscope,347065459,0.21342626,-0.4785301,-0.2309773
LinearAcceleration,347065460,-0.2801216,7.7853456,2.074875
Gyroscope,347065479,0.7204921,-0.54883754,0.23241274
LinearAcceleration,347065480,2.2043116,3.0977976,2.391957
Gyroscope,347065499,1.1284884,-0.83006734,0.30165493
LinearAcceleration,347065500,0.82360536,-1.8287212,2.4896705
Gyroscope,347065519,0.8749555,-1.1208845,-0.09675397
LinearAcceleration,347065520,0.004489128,-1.6687586,2.7278936
Gyroscope,347065539,0.49572134,-1.4212891,-0.6080809
LinearAcceleration,347065540,-1.349432,1.8852842,1.4622587
Gyroscope,347065559,0.31249586,-1.5352724,-0.75934845
LinearAcceleration,347065560,-1.9740193,4.1660604,1.8873792
Gyroscope,347065579,0.39345595,-1.4010491,-0.2512173
LinearAcceleration,347065580,-1.4178163,2.0632033,0.5232827
Gyroscope,347065599,0.24858,-1.2263458,-0.076513946
LinearAcceleration,347065600,-2.4013844,3.3978212,0.060453594
Gyroscope,347065619,0.41689175,-0.9461812,0.23773906
LinearAcceleration,347065620,-2.1733365,1.9304748,0.31169513
Gyroscope,347065639,0.5649635,-0.6990398,0.40924662
LinearAcceleration,347065640,-1.8438346,0.5722142,-0.07392098
Gyroscope,347065659,0.66509837,-0.49877012,0.41776875
LinearAcceleration,347065660,-1.4829087,-0.28790274,0.04444237
Gyroscope,347065679,0.8025175,-0.34430677,0.44653088
LinearAcceleration,347065680,-1.0865186,-1.6903064,-0.017208325
Gyroscope,347065699,0.8525849,-0.24417192,0.37835395
LinearAcceleration,347065700,-0.9633669,-2.5406969,-0.29703066
Gyroscope,347065719,0.8376712,-0.16427709,0.2846107
LinearAcceleration,347065720,-1.0090064,-2.5800517,-0.440982
Gyroscope,347065739,0.8344754,-0.07586014,0.24626118
LinearAcceleration,347065740,-1.0283096,-2.6647465,-0.6337153
Gyroscope,347065759,0.8398017,0.013622069,0.21110745
LinearAcceleration,347065760,-1.0167875,-2.989909,-0.5708675
Gyroscope,347065780,0.83127457,0.087125316,0.1503887
LinearAcceleration,347065780,-0.95274264,-3.1205425,-0.28625673
Gyroscope,347065799,0.78120714,0.1414538,0.07582019
LinearAcceleration,347065800,-1.0001777,-3.2118216,-0.12823942
Gyroscope,347065819,0.6544407,0.21708758,0.0055127433
LinearAcceleration,347065820,-1.2756606,-2.7055976,-0.32456398
Gyroscope,347065839,0.5212826,0.35876775,-0.03177151
LinearAcceleration,347065840,-1.6039655,-1.8987516,-0.58313775
Gyroscope,347065859,0.47441098,0.5632985,-0.03177151
LinearAcceleration,347065860,-1.57733,-1.9659389,-0.24615386
Gyroscope,347065879,0.4531057,0.74758923,-0.029640982
LinearAcceleration,347065880,-0.985214,-2.8992286,0.30301616
Gyroscope,347065899,0.27201074,0.83387566,-0.15321165
LinearAcceleration,347065900,-0.45744216,-2.0364182,0.39160162
Gyroscope,347065919,0.07706735,0.839202,-0.24588966
LinearAcceleration,347065920,0.0839467,-0.09367314,-0.14350246
Gyroscope,347065939,-0.06567808,0.782743,-0.3556119
LinearAcceleration,347065940,0.13961188,2.7531824,-0.82779527
Gyroscope,347065959,0.05256627,0.73480606,-0.26186863
LinearAcceleration,347065960,0.04563947,2.6452937,-0.39085343
Gyroscope,347065979,0.25177073,0.6996524,-0.08929579
LinearAcceleration,347065980,0.82270753,-0.33533788,0.482282
Gyroscope,347065999,0.08878526,0.58353853,-0.214997
LinearAcceleration,347066000,1.3013983,0.34326866,-0.009427169
Gyroscope,347066019,-0.27340463,0.34065825,-0.7060839
LinearAcceleration,347066020,1.2219406,7.4929533,-2.2756886
Gyroscope,347066039,-0.17220452,0.21708758,-0.58144796
LinearAcceleration,347066040,1.1650784,4.6033015,0.48332947
Gyroscope,347066059,0.1026337,0.17980333,-0.15001586
LinearAcceleration,347066060,1.0582372,-0.8620623,-0.032920275
Gyroscope,347066079,-0.25422987,0.1414538,-0.4333762
LinearAcceleration,347066080,0.74190325,1.5387235,-0.91338795
Gyroscope,347066099,-0.24996883,0.24478444,-0.33537188
LinearAcceleration,347066100,0.98566294,4.88462,-2.033126
Gyroscope,347066119,0.1686801,0.339593,-0.003009372
LinearAcceleration,347066120,1.5185224,4.5741224,-1.8983027
Gyroscope,347066139,0.5212826,0.3363972,0.29632995
LinearAcceleration,347066140,2.1571758,1.7726071,-0.7218518
Gyroscope,347066159,0.47760677,0.20004335,0.2973952
LinearAcceleration,347066160,2.2397757,0.3486556,-0.23223756
Gyroscope,347066179,0.28053287,0.03279683,0.21536984
LinearAcceleration,347066180,1.9173067,-0.008678981,-0.250643
Gyroscope,347066199,0.16015798,-0.09077384,0.19299929
LinearAcceleration,347066200,1.1456255,-1.3218986,0.18689737
Gyroscope,347066219,-0.016675916,-0.14190654,0.18234664
LinearAcceleration,347066220,1.0681132,-3.0442274,0.14634559
Gyroscope,347066239,-0.3224068,-0.1909087,-0.020053603
LinearAcceleration,347066240,0.260968,-2.3376386,-0.16250645
Gyroscope,347066320,-0.4012364,-0.1696034,-0.09249158
LinearAcceleration,347066320,-0.19467853,-2.3979425,-0.27518356
Gyroscope,347066321,-0.35118413,-0.11953598,-0.12231473
LinearAcceleration,347066321,-0.43379942,-2.6698341,-0.31124622
Gyroscope,347066321,-0.286203,-0.08651279,-0.24162434
LinearAcceleration,347066322,-0.69925654,-1.3305776,-0.4571429
Gyroscope,347066322,-0.08380275,-0.033249564,-0.17664321
LinearAcceleration,347066322,-0.37813422,-2.621202,0.1619079
Gyroscope,347066694,-0.102977514,-0.04177168,-0.22564538
LinearAcceleration,347066695,-0.35673606,-2.0654478,0.097862996
Gyroscope,347066695,-0.13387018,-0.07586014,-0.2789086
LinearAcceleration,347066695,-0.33653498,-1.0226234,0.0537199
Gyroscope,347066696,-0.037996385,-0.07479488,-0.17238216
LinearAcceleration,347066696,0.005985504,-1.1213843,-0.023942016
Gyroscope,347066696,0.0056794574,-0.06840329,-0.06372518
LinearAcceleration,347066697,-0.41629183,-0.3616741,-0.14694414
Gyroscope,347066697,0.07811744,-0.009813748,0.031083351
LinearAcceleration,347066697,-0.069132574,-0.8572738,-0.007930793
Gyroscope,347066698,0.061073206,0.04984106,0.08115078
LinearAcceleration,347066698,0.5955577,-0.46582186,0.14963761
Gyroscope,347066698,0.06853006,0.03279683,0.049192846
LinearAcceleration,347066699,0.8074445,-0.20171149,0.032022446
Gyroscope,347066699,0.1601428,0.012556804,0.05771496
LinearAcceleration,347066699,0.7806594,0.07930793,-0.4002806
Gyroscope,347066704,0.21340603,0.02853577,0.04812758
LinearAcceleration,347066704,0.8418612,1.4107834,-0.976535
Gyroscope,347066705,0.28797454,0.05197159,0.045997053
LinearAcceleration,347066705,1.2219406,2.081908,-0.8491934
Gyroscope,347066705,0.39343572,0.014687333,0.06410655
LinearAcceleration,347066706,1.321749,0.76449853,-0.2705448
Gyroscope,347066727,0.38597885,-0.08757805,-0.024310399
LinearAcceleration,347066727,1.1824363,2.5992053,-1.9363106
Gyroscope,347066728,0.21873234,-0.18025605,-0.3715866
LinearAcceleration,347066729,-0.57011926,6.5999165,-1.9321208
Gyroscope,347066730,0.5862486,-0.010879013,0.32829213
LinearAcceleration,347066730,0.34805706,0.3776853,0.19632454
Gyroscope,347066730,0.5819875,-0.09610017,0.28887734
LinearAcceleration,347066730,0.07511808,-2.9135938,1.0714053
Gyroscope,347066731,0.050420564,-0.32087097,-0.20753588
LinearAcceleration,347066731,-0.7269395,-1.6683097,1.8576013
Gyroscope,347066731,-0.38420734,-0.49983537,-0.5633342
LinearAcceleration,347066732,-2.1440077,0.78574705,0.5943606
Gyroscope,347066732,-0.7016561,-0.47533432,-0.75295126
LinearAcceleration,347066732,-3.1872811,3.820697,-0.30286652
Gyroscope,347066735,-0.6430666,-0.22606243,-0.4461551
LinearAcceleration,347066735,-2.2150855,2.9628246,0.31648353
Gyroscope,347066735,-0.5109738,-0.023662185,-0.19581798
LinearAcceleration,347066736,-1.4420576,1.9485809,0.33533788
Gyroscope,347066793,-0.46942848,0.08925584,-0.12337999
LinearAcceleration,347066808,-0.87538,2.4387937,0.3453636
Gyroscope,347066812,-0.30218196,0.15104118,-0.008331433
LinearAcceleration,347066825,-0.6875848,1.7129017,0.37798458
Gyroscope,347066827,-0.11684619,0.18832543,0.113114305
LinearAcceleration,347066829,-0.5400421,0.20694882,0.5373486
Gyroscope,347066830,-0.033755567,0.22347917,0.15146382
LinearAcceleration,347066832,-0.5018845,-0.61486095,0.37978023
Gyroscope,347066832,0.038682416,0.27780765,0.20579231
LinearAcceleration,347066833,-0.45863926,-1.1852795,0.35479078
Gyroscope,347066844,0.13988253,0.3150919,0.2633166
LinearAcceleration,347066849,-0.16534956,-1.8079215,0.17013796
Gyroscope,347066860,0.23469107,0.29059082,0.22390181
LinearAcceleration,347066862,-0.15263036,-1.881244,0.082300685
Gyroscope,347066880,0.34015223,0.2522413,0.20259652
LinearAcceleration,347066880,-0.21697453,-2.5118167,0.18614918
Gyroscope,347066900,0.3678491,0.22987075,0.18874808
LinearAcceleration,347066906,-0.4309563,-2.815581,0.073621705
Gyroscope,347066920,0.31565118,0.230936,0.14400697
LinearAcceleration,347066922,-0.5057751,-2.4352024,0.087538
Gyroscope,347066940,0.28156272,0.24584971,0.13015853
LinearAcceleration,347066940,-0.37618893,-2.1896472,-0.07646482
Gyroscope,347066960,0.24640898,0.24584971,0.10991851
LinearAcceleration,347066965,-0.3012205,-1.9795558,-0.059855044
Gyroscope,347066980,0.18781944,0.2373276,0.1163101
LinearAcceleration,347066981,-0.2688988,-2.0561705,0.12539631
Gyroscope,347067000,0.053596117,0.21708758,0.10565745
LinearAcceleration,347067000,-0.30780455,-1.704522,0.11941081
Gyroscope,347067022,-0.098736696,0.1712812,0.057720553
LinearAcceleration,347067023,-0.2801216,-1.0353426,0.3728969
Gyroscope,347067042,-0.14986938,0.08925584,0.018305771
LinearAcceleration,347067043,-0.45893854,-0.5810428,-0.0104746325
Gyroscope,347067061,-0.14454307,-0.019401127,-0.10633017
LinearAcceleration,347067061,-0.7110779,1.2624925,-0.8213608
Gyroscope,347067080,-0.055060856,-0.11101387,-0.19581237
LinearAcceleration,347067081,-0.97548753,2.6734254,-1.2030864
Gyroscope,347067100,0.15905729,-0.139776,-0.08928594
LinearAcceleration,347067100,-0.9256582,1.0963948,-0.8288427
Gyroscope,347067120,0.21977736,-0.109948605,0.014044712
LinearAcceleration,347067132,-0.6192004,-0.1455974,-0.39653966
Gyroscope,347067140,0.048269793,-0.07053382,0.017240506
LinearAcceleration,347067141,0.08738836,1.7221792,-1.3256396
Gyroscope,347067160,-0.23828633,-0.14936338,-0.28316405
LinearAcceleration,347067167,-0.15173253,6.1716533,-1.8480245
Gyroscope,347067183,-0.112585135,-0.13231915,-0.0019342538
LinearAcceleration,347067187,0.42886138,2.2818239,-0.9316437
Gyroscope,347067200,-0.10299776,-0.11101387,0.012979448
LinearAcceleration,347067202,0.077811554,1.5488988,-1.802385
Gyroscope,347067221,-0.21058947,8.3889574E-4,-0.09248173
LinearAcceleration,347067222,0.6380547,2.156278,-1.1972505
Gyroscope,347067240,0.0024634239,0.15104118,0.05132897
LinearAcceleration,347067243,1.2669816,1.9583074,-1.7717092
Gyroscope,347067261,0.13136043,0.2224139,0.08967849
LinearAcceleration,347067262,1.8397944,2.44448,-1.4725837
Gyroscope,347067286,0.20594917,0.2192181,0.17915511
LinearAcceleration,347067286,2.1848588,1.3002012,-0.92850137
Gyroscope,347067300,0.10687958,0.14038853,0.18448143
LinearAcceleration,347067303,2.0654478,0.3728969,-0.56323594
Gyroscope,347067320,-0.06782379,0.053036854,0.13015294
LinearAcceleration,347067321,1.6639702,-0.341473,-0.20141222
Gyroscope,347067340,-0.21909134,0.0050999536,0.08754236
LinearAcceleration,347067340,1.304391,-0.7740753,-0.14290391
Gyroscope,347067360,-0.30218196,-0.011944277,0.041735996
LinearAcceleration,347067362,0.9283517,-0.95468795,0.14888942
Gyroscope,347067380,-0.25957137,-0.019401127,0.06623708
LinearAcceleration,347067380,0.8089409,-2.0863972,0.3784335
Gyroscope,347067400,-0.24891874,-0.0652075,-0.011527226
LinearAcceleration,347067400,0.80804306,-2.3496096,0.3636194
Gyroscope,347067420,-0.19672078,-0.15895078,-0.112727344
LinearAcceleration,347067420,0.8785224,-1.8218379,0.32441434
Gyroscope,347067440,-0.048649028,-0.28891304,-0.12124946
LinearAcceleration,347067451,0.8925883,-2.1571758,0.6262334
Gyroscope,347067460,-0.0081689805,-0.42526686,-0.054137804
LinearAcceleration,347067461,1.0389339,-2.037316,0.35823244
Gyroscope,347067481,-0.062497467,-0.59357864,-0.037093572
LinearAcceleration,347067482,1.0061632,-1.1653777,0.29777884
Gyroscope,347067504,0.004614193,-0.768282,0.08860763
LinearAcceleration,347067504,1.0655694,-1.86224,0.21188685
Gyroscope,347067520,-0.037996385,-0.913158,0.2153741
LinearAcceleration,347067522,0.64927757,-1.5254058,-0.030825347
Gyroscope,347067540,-0.10723857,-0.96855175,0.44121015
LinearAcceleration,347067540,0.2757821,-1.769764,0.110731825
Gyroscope,347067561,-0.28833354,-1.0164887,0.597804
LinearAcceleration,347067562,0.79981303,-1.1833342,-0.079457566
Gyroscope,347067580,-0.4246874,-1.20291,0.5690419
LinearAcceleration,347067580,1.5891514,-0.4456208,0.18136078
Gyroscope,347067600,-0.35544518,-1.5480555,0.57436824
LinearAcceleration,347067602,2.3434746,0.065092355,0.28476036
Gyroscope,347067620,-0.2052429,-2.009315,0.593543
LinearAcceleration,347067620,1.8920178,0.71197575,0.3705027
Gyroscope,347067640,-0.013495303,-2.4492693,0.7512021
LinearAcceleration,347067643,2.0205567,1.3835493,0.15233108
Gyroscope,347067660,0.07172585,-2.9169204,0.78529054
LinearAcceleration,347067661,1.7857752,3.2716765,0.35538933
Gyroscope,347067680,0.29649666,-3.3259819,0.98342973
LinearAcceleration,347067683,0.4750994,2.8868086,0.6326678
Gyroscope,347067700,0.45202526,-3.51986,1.2902259
LinearAcceleration,347067701,-0.19422962,1.0980407,1.1285669
Gyroscope,347067728,0.30501875,-3.6381044,1.3765123
LinearAcceleration,347067738,-0.60453594,4.520552,-0.66483986
Gyroscope,347067740,0.156947,-3.6828456,1.2103311
LinearAcceleration,347067751,-1.7076644,6.208464,0.4715081
Gyroscope,347067760,0.5393769,-3.4378347,1.8090097
LinearAcceleration,347067760,-2.0305824,0.50757074,1.0269629
Gyroscope,347067780,0.47011957,-3.1704533,1.7142054
LinearAcceleration,347067781,-1.8158524,-2.3582888,2.0280385
Gyroscope,347067800,0.115386516,-2.919051,1.2849039
LinearAcceleration,347067801,-2.0533273,-1.2252327,1.9604023
Gyroscope,347067820,-0.17649594,-2.6442127,0.82684016
LinearAcceleration,347067821,-2.8618193,1.802385,0.207697
Gyroscope,347067840,-0.40339726,-2.1829531,0.5594588
LinearAcceleration,347067841,-3.2990603,3.957466,-0.550816
Gyroscope,347067860,-0.36504775,-1.5650998,0.69794315
LinearAcceleration,347067861,-2.145504,2.7729344,-0.5129577
Gyroscope,347067880,-0.30432767,-1.0974487,0.65320206
LinearAcceleration,347067880,-0.9843162,2.0385132,-0.03995324
Gyroscope,347067900,-0.21697599,-0.83326316,0.5008692
LinearAcceleration,347067903,-0.34566286,1.372925,0.5259762
Gyroscope,347067922,-0.10618849,-0.70436615,0.41564807
LinearAcceleration,347067923,0.66469026,0.22774844,1.311424
Gyroscope,347067941,-0.031619977,-0.76721674,0.3133827
LinearAcceleration,347067941,1.2844892,0.118213706,1.5469536
Gyroscope,347067960,0.133496,-0.9824002,0.13122247
LinearAcceleration,347067963,0.33399114,0.35538933,1.5111902
Gyroscope,347067981,0.39129,-1.1176888,0.21005203
LinearAcceleration,347067982,0.18674773,-1.7341502,1.3525743
Gyroscope,347068000,0.39129,-1.2082362,0.20259519
LinearAcceleration,347068001,-0.91832596,-0.9343372,0.5696704
Gyroscope,347068020,0.56279755,-1.227411,0.24307524
LinearAcceleration,347068021,-1.4359225,-1.6195278,0.8161235
Gyroscope,347068040,0.71619564,-1.1869309,0.31870902
LinearAcceleration,347068040,-2.0082862,-2.8727427,0.7290344
Gyroscope,347068060,0.59262496,-1.0729476,0.25159734
LinearAcceleration,347068061,-2.3669677,-2.0512323,0.5303157
Gyroscope,347068080,0.5052733,-0.8748085,0.2590542
LinearAcceleration,347068080,-2.3404818,-1.7555484,0.4882675
Gyroscope,347068100,0.46159744,-0.6585598,0.21431309
LinearAcceleration,347068100,-2.2671595,-1.3661914,0.35239655
Gyroscope,347068120,0.42218268,-0.43378899,0.13122247
LinearAcceleration,347068129,-2.0419548,-1.0663176,0.482282
Gyroscope,347068140,0.3614626,-0.2090182,0.091807686
LinearAcceleration,347068140,-1.5996261,-1.543063,0.717662
Gyroscope,347068160,0.22191295,-0.0172706,0.032152876
LinearAcceleration,347068160,-1.3810055,-1.7340006,0.8370728
Gyroscope,347068182,0.07064541,0.13825801,-0.06691672
LinearAcceleration,347068182,-1.2400469,-1.5901989,0.9705495
Gyroscope,347068200,-0.0848832,0.267155,-0.20327057
LinearAcceleration,347068200,-1.1004349,-0.7104794,0.648679
Gyroscope,347068220,-0.30432767,0.39392146,-0.31405807
LinearAcceleration,347068220,-0.7875427,1.471237,-0.07855974
Gyroscope,347068240,-0.45666048,0.5419932,-0.23629376
LinearAcceleration,347068240,-0.14829087,2.2512977,0.1707365
Gyroscope,347068260,-0.45559523,0.68580395,0.032152876
LinearAcceleration,347068260,0.7695862,0.62219316,0.4528034
Gyroscope,347068280,-0.5419019,0.7454587,0.14933756
LinearAcceleration,347068281,1.5149311,0.7032967,-0.011671733
Gyroscope,347068300,-0.7293884,0.6144312,0.009787916
LinearAcceleration,347068300,1.6627731,4.394258,-1.8038813
Gyroscope,347068320,-0.8998307,0.46316364,-0.187286
LinearAcceleration,347068320,1.2096704,3.2038908,-0.28685528
Gyroscope,347068340,-0.77945584,0.53240585,0.32936725
LinearAcceleration,347068341,2.2017677,-1.98195,0.33429042
Gyroscope,347068360,-0.9637466,0.28419924,-0.27250716
LinearAcceleration,347068363,1.5508442,0.9814731,-0.14305355
Gyroscope,347068381,-0.8380454,0.035992622,-0.8125962
LinearAcceleration,347068381,0.88869774,5.5793877,-1.5863082
Gyroscope,347068400,-0.25641102,0.0029694247,-0.60273916
LinearAcceleration,347068402,0.46372694,4.8473606,-2.021604
Gyroscope,347068420,0.05251567,0.1084306,-0.2746377
LinearAcceleration,347068420,0.41704002,3.3484406,-1.7465701
Gyroscope,347068440,0.08021255,0.23839286,-0.0061910506
LinearAcceleration,347068441,0.7202058,2.1676505,-1.2047324
Gyroscope,347068460,0.057841994,0.30870032,0.21112289
LinearAcceleration,347068462,0.95229375,0.58897364,-0.7603087
Gyroscope,347068480,-0.0018128137,0.31615716,0.25799453
LinearAcceleration,347068481,0.95708215,-0.3616741,-0.40222588
Gyroscope,347068500,-0.0060738716,0.28632978,0.18236075
LinearAcceleration,347068516,0.65406597,-1.3887867,0.26231474
Gyroscope,347068520,-0.023118103,0.26502448,0.07157325
LinearAcceleration,347068520,0.44786537,-2.3256676,0.52537763
Gyroscope,347068540,-0.105143465,0.2522413,-0.06691112
LinearAcceleration,347068540,0.41569328,-2.389114,0.74145436
Gyroscope,347068560,-0.16266774,0.21708758,-0.16811125
LinearAcceleration,347068561,0.3250129,-2.0424037,0.7398083
Gyroscope,347068580,-0.17225513,0.16702014,-0.2384187
LinearAcceleration,347068582,-0.02184709,-1.889474,0.7199065
Gyroscope,347068600,-0.16586353,0.14678012,-0.26398504
LinearAcceleration,347068601,-0.49934068,-2.0820577,0.63296705
Gyroscope,347068622,-0.20208253,0.18299912,-0.28635558
LinearAcceleration,347068622,-0.9045593,-2.0262427,0.3438672
Gyroscope,347068640,-0.23404045,0.27993816,-0.28102928
LinearAcceleration,347068640,-0.88271224,-1.664419,0.06299743
Gyroscope,347068660,-0.19249515,0.37048566,-0.29913875
LinearAcceleration,347068660,-0.8159739,-1.1794436,-0.002244564
Gyroscope,347068680,-0.11473084,0.42907518,-0.37796834
LinearAcceleration,347068680,-0.84260935,-0.33773208,-0.32531217
Gyroscope,347068700,0.023753533,0.52921003,-0.4866253
LinearAcceleration,347068700,-1.2819453,1.2451345,-1.2434886
Gyroscope,347068720,0.4860783,0.7092397,-0.61339176
LinearAcceleration,347068721,-0.37469256,2.2393267,-0.31827918
Gyroscope,347068740,1.1763697,0.7742209,-0.68369925
LinearAcceleration,347068740,1.2087725,1.347337,1.4000094
Gyroscope,347068760,1.629107,0.6272144,-0.8466847
LinearAcceleration,347068760,1.532738,0.8257003,1.3730747
Gyroscope,347068780,1.8112875,0.46316364,-0.96919566
LinearAcceleration,347068781,1.252766,2.2634184,0.10175357
Gyroscope,347068800,1.9774687,0.37900776,-0.80940604
LinearAcceleration,347068801,1.7335516,1.4565724,0.38576576
Gyroscope,347068820,1.978534,0.22347917,-0.5793089
LinearAcceleration,347068821,1.6686089,-1.5080478,0.65391636
Gyroscope,347068840,1.6003652,0.034927357,-0.5398941
LinearAcceleration,347068843,1.0887632,-1.6377836,-1.4076409
Gyroscope,347068860,0.98677284,-0.21008345,-1.0395031
LinearAcceleration,347068860,-1.2170026,3.6433764,-4.097377
Gyroscope,347068880,0.84189683,-0.0066179554,-0.515393
LinearAcceleration,347068882,-0.28266543,0.25288755,-1.6525977
Gyroscope,347068900,0.6320398,0.2011086,0.12163509
LinearAcceleration,347068901,0.29418755,-5.415385,1.0945991
Gyroscope,347068920,-0.26810867,0.14997591,-0.15000734
LinearAcceleration,347068921,0.20440497,-2.3762453,0.21143794
Gyroscope,347068940,-0.99994534,-0.028988509,-0.75720805
LinearAcceleration,347068947,-0.841113,4.847959,-1.8121114
Gyroscope,347068960,-0.9136589,0.04025368,-0.4770435
LinearAcceleration,347068962,-1.0761937,5.2334256,-1.5833155
Gyroscope,347068980,-0.5642522,0.27248132,0.17489831
LinearAcceleration,347068981,-0.5777508,0.6099229,-0.40955812
Gyroscope,347069000,-0.70273656,0.39498675,0.13228773
LinearAcceleration,347069001,-0.48288056,0.3184288,-0.09187749
Gyroscope,347069020,-0.76345664,0.4706205,0.034283403
LinearAcceleration,347069021,-0.25543138,0.6772598,0.089782566
Gyroscope,347069041,-0.59301436,0.51642686,0.06198028
LinearAcceleration,347069041,-0.007631518,-0.8218097,0.37918168
Gyroscope,347069061,-0.5195111,0.5377322,0.06624134
LinearAcceleration,347069062,0.19841947,-1.8718169,0.4664204
Gyroscope,347069080,-0.5440122,0.5462543,0.017239174
LinearAcceleration,347069081,0.093972415,-1.4899416,0.26800096
Gyroscope,347069100,-0.4886184,0.56862485,0.060915016
LinearAcceleration,347069101,0.29987377,-1.4739305,0.4762965
Gyroscope,347069120,-0.4300289,0.54731953,0.133353
LinearAcceleration,347069121,0.61605805,-1.6968905,0.8108862
Gyroscope,347069140,-0.46624786,0.46955526,0.1962036
LinearAcceleration,347069141,0.36676177,-1.7251719,0.7459435
Gyroscope,347069160,-0.5525343,0.42481413,0.2654458
LinearAcceleration,347069162,-0.29807812,-1.8565538,0.6536171
Gyroscope,347069187,-0.64414704,0.45144576,0.30912164
LinearAcceleration,347069187,-0.4074632,-2.0826561,0.873734
Gyroscope,347069200,-0.74321663,0.45357627,0.25798893
LinearAcceleration,347069201,-0.2889502,-2.0061915,1.0916064
Gyroscope,347069220,-0.8699831,0.4173573,0.16637619
LinearAcceleration,347069221,-0.5660791,-1.4064438,0.66065
Gyroscope,347069240,-0.9605306,0.41309622,0.12163509
LinearAcceleration,347069241,-0.7909844,-1.1688193,0.42586863
Gyroscope,347069261,-1.0010107,0.44718468,0.11630876
LinearAcceleration,347069262,-0.7326257,-1.3700819,0.6521207
Gyroscope,347069281,-1.009573,0.4557068,0.063057
LinearAcceleration,347069283,-0.58672905,-1.00751,0.7686884
Gyroscope,347069300,-0.921156,0.40031305,-0.02749048
LinearAcceleration,347069301,-0.33967736,-0.065092355,0.8339304
Gyroscope,347069320,-0.77628005,0.2969824,-0.10205899
LinearAcceleration,347069321,-0.53016603,1.4085388,-0.1448492
Gyroscope,347069340,-0.6090335,0.21815284,-0.1499959
LinearAcceleration,347069341,-0.7683891,2.5356092,-0.08903438
Gyroscope,347069361,-0.36189216,0.18299912,-0.07329685
LinearAcceleration,347069364,-0.74788874,1.6106992,0.11192893
Gyroscope,347069380,-0.18612354,0.12227904,-0.15745275
LinearAcceleration,347069381,-0.5081693,1.8581998,-0.16235681
Gyroscope,347069400,-0.14564349,-0.028988509,-0.41737726
LinearAcceleration,347069401,-0.6452374,4.406528,-1.0410289
Gyroscope,347069420,-0.12859926,-0.053489592,-0.29806766
LinearAcceleration,347069421,-0.48273093,3.5866637,-0.6287772
Gyroscope,347069440,-0.13818663,0.054102115,-0.11697269
LinearAcceleration,347069441,-0.40252516,2.0691888,-0.50278234
Gyroscope,347069461,-0.109424494,0.21602231,-0.04027365
LinearAcceleration,347069463,0.6654384,1.9669863,-1.1558008
Gyroscope,347069480,0.05569149,0.34065825,0.024707478
LinearAcceleration,347069481,1.491438,1.2785037,-1.2925696
Gyroscope,347069500,0.05569149,0.39179093,0.053469617
LinearAcceleration,347069516,2.238429,0.580145,-0.7860463
Gyroscope,347069524,-0.11688135,0.32361403,-0.0029893983
LinearAcceleration,347069533,2.3223755,0.08604162,-0.56398416
Gyroscope,347069541,-0.32673845,0.19045596,-0.12656008
LinearAcceleration,347069541,1.4788685,3.1711202,-0.9669582
Gyroscope,347069560,0.017341971,0.16808541,0.35387418
LinearAcceleration,347069561,0.050876785,2.854038,-0.60827684
Gyroscope,347069580,0.47114462,0.22028337,0.7032809
LinearAcceleration,347069581,0.9045593,-1.0799346,0.1273416
Gyroscope,347069600,0.19950218,0.1265401,0.42737743
LinearAcceleration,347069601,0.636708,-0.8759785,-0.34012628
Gyroscope,347069620,-0.0582918,0.07114635,0.18982346
LinearAcceleration,347069621,0.5526117,-0.8420108,-0.08499416
Gyroscope,347069640,-0.1722751,0.06155897,0.14295183
LinearAcceleration,347069640,0.66828156,-0.40536827,0.090381116
Gyroscope,347069660,-0.09024973,0.04771053,0.23136878
LinearAcceleration,347069673,0.38845924,-0.2645593,-0.055066638
Gyroscope,347069680,0.10362839,0.053036854,0.39328897
LinearAcceleration,347069681,0.38576576,-0.7294833,-0.18914193
Gyroscope,347069702,0.24956962,0.06155897,0.5850366
LinearAcceleration,347069702,0.57371056,-1.55668,0.023942016
Gyroscope,347069720,0.20589377,0.006165218,0.60634184
LinearAcceleration,347069727,0.41090485,-2.0965724,0.17357962
Gyroscope,347069741,0.056756757,-0.062011704,0.45294377
LinearAcceleration,347069745,0.1654992,-0.877026,-0.4475661
Gyroscope,347069760,0.0524957,-0.10888334,0.27184883
LinearAcceleration,347069760,-0.61845225,-0.8631097,-0.18914193
Gyroscope,347069782,0.0855189,-0.06946856,0.099275984
LinearAcceleration,347069782,-0.23014264,-1.4305356,-0.17956513
Gyroscope,347069800,0.020537766,-0.028988509,-0.11058111
LinearAcceleration,347069801,-0.34671032,-1.3790601,-0.04129998
Gyroscope,347069822,0.022668295,0.070081085,-0.21604228
LinearAcceleration,347069823,0.14739305,-0.28790274,0.10444705
Gyroscope,347069840,0.25702646,0.16915068,-0.04666524
LinearAcceleration,347069841,0.31139585,0.43080667,-0.23448212
Gyroscope,347069860,0.53506047,0.2586329,0.26865304
LinearAcceleration,347069863,0.37274727,0.3450643,-0.42242697
Gyroscope,347069880,0.73106915,0.32361403,0.63616925
LinearAcceleration,347069881,0.5710171,-0.16879122,-0.20814592
Gyroscope,347069901,0.7566355,0.339593,0.7821105
LinearAcceleration,347069904,0.31004912,-0.20829555,0.34012628
Gyroscope,347069922,0.794985,0.32041824,0.75547886
LinearAcceleration,347069923,0.17881694,-0.0013467384,0.41210195
Gyroscope,347069940,0.77154917,0.25650236,0.45187852
LinearAcceleration,347069946,-0.33054948,0.27129298,-0.6536171
Gyroscope,347069960,0.4658183,0.15849803,-0.16277906
LinearAcceleration,347069961,-1.3449428,1.6231191,-1.8082209
Gyroscope,347069981,0.16754426,0.30870032,-0.29806766
LinearAcceleration,347069986,-1.0172365,1.1384429,0.26785132
Gyroscope,347070000,0.14836949,0.4407931,-0.15212642
LinearAcceleration,347070002,-0.51071316,1.635988,-0.4014777
Gyroscope,347070024,0.28791913,0.39072567,-0.118037954
LinearAcceleration,347070024,-0.2287959,0.5696704,-0.80909055
Gyroscope,347070040,0.066344135,0.31402662,-0.41311622
LinearAcceleration,347070041,-0.49874213,0.39818567,-1.3108255
Gyroscope,347070062,-0.32886896,0.31615716,-0.64108276
LinearAcceleration,347070063,-0.33429042,1.1746552,-1.302296
Gyroscope,347070080,-0.53339976,0.31083083,-0.7252387
LinearAcceleration,347070081,-0.72409636,1.1411364,-0.9603742
Gyroscope,347070102,-0.5728145,0.339593,-0.64108276
LinearAcceleration,347070103,-0.67351884,1.0740987,-0.59032035
Gyroscope,347070120,-0.43219963,0.4024436,-0.4258994
LinearAcceleration,347070121,-0.82240826,0.65675944,-0.22071546
Gyroscope,347070144,-0.22553831,0.46316364,-0.18195382
LinearAcceleration,347070144,-0.37140054,0.029628245,0.19288288
Gyroscope,347070160,-0.05296548,0.46955526,-0.005119927
LinearAcceleration,347070163,-0.22460605,-0.85188687,0.33039984
Gyroscope,347070184,0.015211443,0.4344015,0.0598612
LinearAcceleration,347070185,-0.41075522,-1.249474,0.20425533
Gyroscope,347070200,0.04610411,0.39498675,0.103537045
LinearAcceleration,347070201,-0.23448212,-1.2870331,0.2641104
Gyroscope,347070222,0.08764943,0.33213612,0.1077981
LinearAcceleration,347070223,-0.40117842,-1.5111902,0.18435353
Gyroscope,347070240,0.066344135,0.27141607,0.070513844
LinearAcceleration,347070241,-0.5240309,-2.0874445,0.41165304
Gyroscope,347070262,-0.08385815,0.21282652,-0.03707786
LinearAcceleration,347070263,-0.8245032,-2.2327428,0.293589
Gyroscope,347070280,-0.31823656,0.18086858,-0.21816722
LinearAcceleration,347070281,-0.9615713,-2.6152165,0.32456398
Gyroscope,347070301,-0.6527296,0.18193385,-0.5654434
LinearAcceleration,347070304,-1.5432127,-2.808249,0.6669348
Gyroscope,347070320,-0.97443944,0.24798024,-0.77317
LinearAcceleration,347070321,-1.682226,-2.3500586,0.46208093
Gyroscope,347070340,-1.1342291,0.35344142,-0.71351516
LinearAcceleration,347070341,-1.0226234,-2.1920414,0.43200377
Gyroscope,347070360,-1.2205155,0.4194878,-0.6591867
LinearAcceleration,347070362,-0.60423666,-1.0323498,-0.015263036
Gyroscope,347070384,-1.2237114,0.4738163,-0.42482853
LinearAcceleration,347070384,-0.8963293,0.8574235,-0.163105
Gyroscope,347070400,-1.1161196,0.55690694,-0.1467945
LinearAcceleration,347070401,-0.73576814,0.32172084,-0.45370123
Gyroscope,347070420,-1.0767049,0.6549113,0.11313002
LinearAcceleration,347070421,-0.8488941,-0.58194065,-0.6322189
Gyroscope,347070440,-1.1171849,0.76889455,0.25694072
LinearAcceleration,347070441,0.03755904,-2.2717981,0.1189619
Gyroscope,347070460,-1.4378295,0.7188271,-0.087139696
LinearAcceleration,347070461,-0.45654434,0.81343,-2.399888
Gyroscope,347070480,-1.9459606,0.67621654,-0.6943404
LinearAcceleration,347070481,-1.0446202,5.1885343,-0.6211457
Gyroscope,347070500,-1.826651,0.8210925,-0.19260088
LinearAcceleration,347070502,0.648679,2.6063879,0.556203
Gyroscope,347070520,-1.717994,0.8178967,-0.20857984
LinearAcceleration,347070521,0.6853402,2.9281087,-0.5125088
Gyroscope,347070540,-1.435699,0.855181,-0.19047034
LinearAcceleration,347070542,0.77018476,4.0991726,-0.9847651
Gyroscope,347070560,-1.0266374,0.9659685,-0.03281121
LinearAcceleration,347070562,1.3822026,3.3028011,-0.75941086
Gyroscope,347070580,-0.91371936,1.0330801,0.01512569
LinearAcceleration,347070586,1.5659575,2.6593595,0.23448212
Gyroscope,347070602,-0.98828787,1.0895392,0.014060426
LinearAcceleration,347070604,0.20934302,2.1082442,0.14050971
Gyroscope,347070620,-1.1086627,1.3164405,-0.024289094
LinearAcceleration,347070621,-2.4518123,2.1279964,-0.53465515
Gyroscope,347070640,-1.1065322,1.8320284,-0.04985544
LinearAcceleration,347070641,-3.9932292,1.7983447,-0.59944826
Gyroscope,347070660,-1.0138543,2.5425599,-0.070095465
LinearAcceleration,347070661,-5.9670987,0.95274264,-0.9561843
Gyroscope,347070680,-0.90945834,3.4885147,-0.12229342
LinearAcceleration,347070681,-7.5577464,0.3628712,-0.6618471
Gyroscope,347070700,-0.7241023,4.55804,-0.09672707
LinearAcceleration,347070701,-7.203704,-0.30825347,0.76464814
Gyroscope,347070720,-0.5952053,5.535953,-0.10844498
LinearAcceleration,347070721,-7.5110598,-0.4655226,1.6469115
Gyroscope,347070740,-0.47696096,6.4499497,-0.026419623
LinearAcceleration,347070741,-6.675633,-0.40087914,3.096002
Gyroscope,347070760,-0.26497334,7.200961,0.1408269
LinearAcceleration,347070761,-6.16896,-0.8928876,4.261978
Gyroscope,347070781,-0.042322956,7.7985744,0.35068107
LinearAcceleration,347070781,-4.7295957,-1.4582185,5.5648727
Gyroscope,347070800,0.17818677,8.122415,0.5339065
LinearAcceleration,347070802,-2.356044,-2.4091654,7.3347864
Gyroscope,347070822,0.31347537,8.132002,0.6393677
LinearAcceleration,347070823,-1.4021044,-3.9683893,8.07639
Gyroscope,347070840,0.21760157,7.9349284,0.604214
LinearAcceleration,347070841,1.54845,-4.190302,8.694095
Gyroscope,347070860,0.022658175,7.4044266,0.47318646
LinearAcceleration,347070861,4.3640313,-3.98051,9.378088
Gyroscope,347070880,-0.18719892,6.5586066,0.31126627
LinearAcceleration,347070881,7.4375877,-3.3461962,9.243863
Gyroscope,347070900,-0.38746864,5.399599,0.20687036
LinearAcceleration,347070901,11.005247,-1.7652749,8.428937
Gyroscope,347070920,-0.4396666,3.9018373,0.2590683
LinearAcceleration,347070921,14.184748,-0.2587234,7.771878
Gyroscope,347070940,-0.3192917,2.0685172,0.47425172
LinearAcceleration,347070941,16.034119,-0.06404489,8.139388
Gyroscope,347070960,-0.32035697,0.043449473,0.55947286
LinearAcceleration,347070961,14.7159605,-0.5660791,7.4438725
Gyroscope,347070980,-0.57495517,-1.7781527,0.49449176
LinearAcceleration,347070982,12.227038,0.26036942,6.8281136
Gyroscope,347071000,-0.7496585,-3.3334389,0.3964874
LinearAcceleration,347071001,9.883714,1.2297219,6.851457
Gyroscope,347071020,-0.65485,-4.7172174,0.35600737
LinearAcceleration,347071024,8.097639,0.28685528,7.126042
Gyroscope,347071041,-1.154459,-5.8304186,0.19089139
LinearAcceleration,347071042,3.930082,2.2316952,8.263886
Gyroscope,347071060,-1.6551332,-6.66239,0.021514347
LinearAcceleration,347071065,3.640683,2.6135705,9.61706
Gyroscope,347071080,-1.6370238,-7.498623,0.11312709
LinearAcceleration,347071081,0.32351652,1.4603134,9.0020485
Gyroscope,347071100,-1.8511419,-8.0973015,-0.18834275
LinearAcceleration,347071101,-3.2716765,3.6514568,9.0376625
Gyroscope,347071120,-1.9171884,-8.221937,-0.3481324
LinearAcceleration,347071121,-7.9881043,4.372261,7.7204027
Gyroscope,347071140,-1.8245103,-7.6275196,-0.22456174
LinearAcceleration,347071141,-9.523685,3.1570542,5.7553616
Gyroscope,347071160,-1.762725,-6.6932826,-0.09779527
LinearAcceleration,347071161,-8.289624,3.5215714,3.9972694
Gyroscope,347071180,-1.6231754,-5.690869,-0.06583734
LinearAcceleration,347071181,-10.348039,2.979584,2.206556
Gyroscope,347071200,-1.4793646,-4.2836547,0.121649206
LinearAcceleration,347071201,-10.126575,2.468422,-0.672621
Gyroscope,347071220,-1.1533937,-2.8263729,0.08329968
LinearAcceleration,347071221,-8.060379,1.9176059,-1.0654198
Gyroscope,347071241,-0.6665679,-1.6631042,-0.087142624
LinearAcceleration,347071242,-6.4668884,0.19782092,-1.340304
Gyroscope,347071262,-0.36935914,-0.72034514,-0.38009036
LinearAcceleration,347071263,-4.9043727,0.044143096,-1.5816694
Gyroscope,347071280,-0.11265571,0.010426275,-0.5398728
LinearAcceleration,347071281,-3.147627,0.46686932,-1.2336124
Gyroscope,347071300,0.17390043,0.49086052,-0.51111066
LinearAcceleration,347071301,-1.5047557,-0.39130235,-0.85577744
Gyroscope,347071320,0.34434274,0.710305,-0.44080323
LinearAcceleration,347071321,-0.29418755,-1.3162124,-0.5005378
Gyroscope,347071340,0.3933449,0.71243554,-0.4354769
LinearAcceleration,347071341,0.6013935,-1.5785271,-0.4801871
Gyroscope,347071360,0.40612808,0.59525645,-0.41630214
LinearAcceleration,347071361,0.5575497,-1.5563807,-0.744896
Gyroscope,347071380,0.38801858,0.48979527,-0.37369156
LinearAcceleration,347071381,0.50487727,-1.1843816,-0.82390463
Gyroscope,347071400,0.3837575,0.40350884,-0.26929566
LinearAcceleration,347071401,0.5470751,-1.6017209,-0.73935944
Gyroscope,347071420,0.33795115,0.29378662,-0.2075103
LinearAcceleration,347071421,0.58209026,-1.5810709,-0.6792051
Gyroscope,347071441,0.3006669,0.1563675,-0.1989882
LinearAcceleration,347071441,0.5373486,-1.1399393,-0.8418612
Gyroscope,347071460,0.31664586,0.02853577,-0.19685768
LinearAcceleration,347071463,0.10998364,-0.904709,-0.98446584
Gyroscope,347071482,0.33688587,-0.030053772,-0.16489974
LinearAcceleration,347071484,-0.1237503,-0.9712977,-0.76883805
Gyroscope,347071501,0.29001424,-0.080121204,-0.18300924
LinearAcceleration,347071507,0.16744448,-0.48123455,-0.44621935
Gyroscope,347071520,0.13661617,-0.19516976,-0.28953567
LinearAcceleration,347071521,0.28086978,0.86714995,-0.54064065
Gyroscope,347071540,-0.009325058,-0.32193622,-0.4535864
LinearAcceleration,347071542,-0.1050456,2.6786628,-0.8705916
Gyroscope,347071560,0.07909189,-0.36241627,-0.46743482
LinearAcceleration,347071562,0.07811083,2.8547862,-0.46612114
Gyroscope,347071581,0.35606065,-0.36667734,-0.3193631
LinearAcceleration,347071583,1.0304046,1.1249756,0.41135377
Gyroscope,347071672,0.3667133,-0.46255112,-0.4141716
LinearAcceleration,347071673,1.4115316,2.1363761,0.5412392
Gyroscope,347071684,0.14513828,-0.5839913,-0.7412078
LinearAcceleration,347071685,1.551742,6.5246487,-0.09292495
Gyroscope,347071685,0.17070463,-0.619145,-0.87330055
LinearAcceleration,347071685,0.885705,7.1082354,1.0191817
Gyroscope,347071686,0.82264644,-0.6266019,-0.6581172
LinearAcceleration,347071686,0.6925228,3.3171666,0.4165911
Gyroscope,347071687,1.211468,-0.57653445,-0.61444134
LinearAcceleration,347071687,0.87807345,0.5128081,-0.320823
Gyroscope,347071704,1.328647,-0.41887528,-0.58141816
LinearAcceleration,347071704,0.8363246,0.974889,-0.8252514
Gyroscope,347071721,1.2253164,-0.21114872,-0.4983275
LinearAcceleration,347071724,1.1766005,2.0395606,-0.42078096
Gyroscope,347071741,1.211468,-0.05562012,-0.38008314
LinearAcceleration,347071742,1.4354736,1.0260651,-0.16340427
Gyroscope,347071760,1.1528784,0.03386209,-0.37475684
LinearAcceleration,347071761,1.1510124,0.40372226,-0.37469256
Gyroscope,347071781,1.1156094,0.13293168,-0.46850437
LinearAcceleration,347071782,0.8548796,0.7842507,-0.6242881
Gyroscope,347071800,1.275399,0.2618287,-0.51111495
LinearAcceleration,347071801,1.0603321,0.16759412,-0.31334114
Gyroscope,347071820,1.4149487,0.35237616,-0.5420076
LinearAcceleration,347071822,1.2653356,-0.9044097,0.014963761
Gyroscope,347071840,1.4586245,0.39498675,-0.53561604
LinearAcceleration,347071841,1.2488755,-2.2647653,0.012120646
Gyroscope,347071860,1.372338,0.38966042,-0.551595
LinearAcceleration,347071861,1.4115316,-3.1440358,0.08319851
Gyroscope,347071888,1.1475673,0.34704983,-0.5750308
LinearAcceleration,347071893,1.0431237,-3.119944,-0.22355859
Gyroscope,347071900,0.91320914,0.33746246,-0.55798656
LinearAcceleration,347071917,0.7836521,-2.507178,-0.49455228
Gyroscope,347071923,0.7875079,0.33213612,-0.48661387
LinearAcceleration,347071933,1.0114006,-2.3828292,-0.45489833
Gyroscope,347071940,0.6916341,0.27674237,-0.45359066
LinearAcceleration,347071941,1.0066122,-2.4998457,-0.5243302
Gyroscope,347071961,0.59469503,0.22454442,-0.43654642
LinearAcceleration,347071971,0.5587468,-1.9146131,-1.0380361
Gyroscope,347071984,0.57125926,0.25330657,-0.3832832
LinearAcceleration,347071988,0.4849755,-1.3286324,-1.1034278
Gyroscope,347072004,0.5989561,0.3150919,-0.27462623
LinearAcceleration,347072007,0.8467992,-1.4796166,-0.78335285
Gyroscope,347072020,0.57125926,0.33213612,-0.2245588
LinearAcceleration,347072021,0.947206,-1.5177742,-0.6157588
Gyroscope,347072040,0.502017,0.33000562,-0.20112298
LinearAcceleration,347072044,0.76883805,-1.3313258,-0.65750766
Gyroscope,347072060,0.4466233,0.34385404,-0.1947314
LinearAcceleration,347072061,0.6784569,-1.0191817,-0.8351275
Gyroscope,347072080,0.43490538,0.36942038,-0.1798177
LinearAcceleration,347072084,0.87552965,-0.9238626,-0.6787562
Gyroscope,347072102,0.46047172,0.3662246,-0.14146818
LinearAcceleration,347072102,1.270124,-1.0063128,-0.6497265
Gyroscope,347072120,0.41892642,0.30124345,-0.15531662
LinearAcceleration,347072128,1.1905168,0.3528455,-1.0902596
Gyroscope,347072140,0.37738112,0.24798024,-0.12868501
LinearAcceleration,347072147,0.9895535,1.7000328,-1.328333
Gyroscope,347072161,0.41892642,0.20856546,0.020452011
LinearAcceleration,347072171,1.3356652,2.4654293,-1.9867384
Gyroscope,347072180,0.17924193,0.12547484,-0.2277546
LinearAcceleration,347072181,-0.45130703,8.1140995,-3.8238394
Gyroscope,347072200,0.4136001,0.2405234,0.27505022
LinearAcceleration,347072217,-0.13587095,2.9137435,-0.22610243
Gyroscope,347072223,0.77365947,0.21815284,0.7032865
LinearAcceleration,347072223,-0.61605805,-3.6492124,1.6810288
Gyroscope,347072241,0.087629184,0.029601036,0.09715105
LinearAcceleration,347072241,-1.4890438,-1.455525,1.4255974
Gyroscope,347072261,-0.62396747,-0.11101387,-0.5228329
LinearAcceleration,347072267,-1.9927241,4.791845,-0.08259996
Gyroscope,347072282,-0.5877687,-0.093969636,-0.46530297
LinearAcceleration,347072283,-1.9909283,5.7571573,-0.42347443
Gyroscope,347072300,-0.1957514,-0.02685798,-0.09991728
LinearAcceleration,347072301,-1.5499463,2.133084,-0.25782558
Gyroscope,347072320,-0.095616534,-0.0012916331,-0.095656216
LinearAcceleration,347072325,-1.2171522,1.6690578,-0.12599486
Gyroscope,347072341,-0.0636586,0.054102115,0.039632365
LinearAcceleration,347072344,-0.5686229,0.75716627,0.36541504
Gyroscope,347072361,-0.08709442,0.07753793,0.20900941
LinearAcceleration,347072363,-0.18450317,-0.34641105,0.36197338
Gyroscope,347072380,-0.12331341,0.058363173,0.2782516
LinearAcceleration,347072381,-0.033967737,-1.0046669,0.19138649
Gyroscope,347072401,-0.068984926,0.0306663,0.31020954
LinearAcceleration,347072402,0.061650693,-1.4743793,-0.020201078
Gyroscope,347072420,0.056716274,0.013622069,0.36027697
LinearAcceleration,347072421,0.18270752,-2.2221184,-0.060303956
Gyroscope,347072440,0.16217746,0.013622069,0.41993177
LinearAcceleration,347072441,0.2228104,-3.0151978,-0.17597382
Gyroscope,347072460,0.16750377,0.04025368,0.46467286
LinearAcceleration,347072461,0.20515315,-3.215712,-0.32052374
Gyroscope,347072480,0.10784897,0.084994785,0.4913045
LinearAcceleration,347072481,0.07990648,-2.8272529,-0.46806642
Gyroscope,347072500,0.058846805,0.12440957,0.5019571
LinearAcceleration,347072501,0.16115971,-2.7235541,-0.49440265
Gyroscope,347072520,0.0055835834,0.11269166,0.46147707
LinearAcceleration,347072522,0.24555531,-2.734328,-0.39324763
Gyroscope,347072541,-0.07537651,0.060493704,0.37199485
LinearAcceleration,347072542,-0.4098574,-2.078616,-0.6392518
Gyroscope,347072563,-0.10733444,0.053036854,0.308079
LinearAcceleration,347072567,-0.7719804,-1.6985365,-0.6549638
Gyroscope,347072582,-0.1265092,0.05729791,0.23137996
LinearAcceleration,347072583,-1.2093711,-1.4101849,-0.5244798
Gyroscope,347072600,-0.18083769,0.04771053,0.09396085
LinearAcceleration,347072601,-1.4972739,-1.4619594,-0.18315643
Gyroscope,347072620,-0.21599142,0.020013655,-0.046654053
LinearAcceleration,347072621,-1.6470611,-1.654543,0.12539631
Gyroscope,347072640,-0.22877459,-0.027923243,-0.15957208
LinearAcceleration,347072641,-1.6368858,-0.79248077,-0.2940379
Gyroscope,347072660,-0.26392832,-0.060946442,-0.28740382
LinearAcceleration,347072663,-1.8321629,1.9366099,-1.4055461
Gyroscope,347072680,-0.16379346,-0.032184303,-0.27675116
LinearAcceleration,347072682,-1.6707039,3.6598365,-1.3904326
Gyroscope,347072700,0.15578587,0.010426275,-0.09032989
LinearAcceleration,347072701,-1.105822,1.3596073,-0.68130004
Gyroscope,347072720,0.30492288,-0.009813748,-0.048784584
LinearAcceleration,347072743,-0.46806642,0.19991584,-0.03247136
Gyroscope,347072745,0.19093959,-0.09183911,-0.16276787
LinearAcceleration,347072745,-0.021398177,3.0668228,-1.6059108
Gyroscope,347072764,-0.13609658,-0.13444969,-0.5324146
LinearAcceleration,347072765,-0.930297,9.906907,-3.7738605
Gyroscope,347072785,0.29425,0.0019041601,0.088640384
LinearAcceleration,347072787,-0.2439093,2.9939492,0.17492636
Gyroscope,347072802,0.75764,0.044514738,0.40821972
LinearAcceleration,347072803,0.119261175,-4.5356655,1.396867
Gyroscope,347072820,0.14404772,0.083929524,-0.14891358
LinearAcceleration,347072821,-0.3522469,-2.1067479,0.5351041
Gyroscope,347072840,-0.3885845,0.32254875,-0.35557488
LinearAcceleration,347072841,-0.20994157,4.5488334,-0.8111855
Gyroscope,347072860,-0.25542644,0.6634334,0.008745555
LinearAcceleration,347072861,0.31618425,4.46773,-0.36302084
Gyroscope,347072880,0.013020194,0.89779156,0.39543656
LinearAcceleration,347072882,1.1662755,0.84979194,0.71556705
Gyroscope,347072900,-0.0679399,0.9137705,0.20688474
LinearAcceleration,347072901,1.6681601,0.5720646,1.2545617
Gyroscope,347072920,-0.1489,0.8125704,-0.029603966
LinearAcceleration,347072923,1.6460136,0.8575731,1.2096704
Gyroscope,347072940,-0.09776731,0.6655639,-0.1872631
LinearAcceleration,347072944,1.3831004,0.28101942,1.0954969
Gyroscope,347072961,-0.023198796,0.5068395,-0.3214864
LinearAcceleration,347072962,1.0609306,-0.3552397,1.0338463
Gyroscope,347072980,0.04391286,0.3747467,-0.41416442
LinearAcceleration,347072981,0.708983,-0.8001123,0.80684596
Gyroscope,347073002,0.11208978,0.29804766,-0.4418613
LinearAcceleration,347073004,0.30421326,-1.0654198,0.37304655
Gyroscope,347073021,0.1866583,0.28952557,-0.4120339
LinearAcceleration,347073023,-0.11252748,-1.2105682,0.21458033
Gyroscope,347073040,0.27187946,0.32787508,-0.32042116
LinearAcceleration,347073045,-0.1702876,-1.896507,0.15936404
Gyroscope,347073060,0.27294472,0.34065825,-0.31722537
LinearAcceleration,347073061,0.029029695,-1.7917607,-0.013766659
Gyroscope,347073080,0.2761405,0.30443925,-0.35983592
LinearAcceleration,347073081,0.052822076,-1.151611,-0.08185177
Gyroscope,347073100,0.36136165,0.27354658,-0.34492224
LinearAcceleration,347073101,-0.08559271,-0.9238626,-0.33608606
Gyroscope,347073120,0.43379965,0.28313398,-0.29272428
LinearAcceleration,347073121,-0.027982233,-1.055843,-0.3585317
Gyroscope,347073143,0.44338703,0.29272136,-0.2501137
LinearAcceleration,347073144,0.3333926,-0.83258367,-0.33773208
Gyroscope,347073160,0.4380607,0.25117603,-0.24585265
LinearAcceleration,347073161,0.48482585,-0.47839144,-0.21562779
Gyroscope,347073185,0.4828018,0.18193385,-0.22880842
LinearAcceleration,347073185,0.40057987,-0.8093898,-0.036661215
Gyroscope,347073200,0.5030418,0.13399695,-0.20004627
LinearAcceleration,347073201,0.34955344,-1.0259154,-0.07571663
Gyroscope,347073223,0.49984604,0.10736534,-0.17980625
LinearAcceleration,347073225,0.36586395,-0.11207857,-0.44951138
Gyroscope,347073241,0.53180397,0.11056113,-0.12973882
LinearAcceleration,347073244,0.15083471,0.52253455,-0.55350953
Gyroscope,347073263,0.5424566,0.15104118,-0.03599555
LinearAcceleration,347073264,0.28341362,0.6019921,-0.7320272
Gyroscope,347073280,0.50200695,0.16062856,-0.012568256
LinearAcceleration,347073281,0.30346507,0.93598324,-0.7332243
Gyroscope,347073300,0.46898374,0.14038853,0.021520205
LinearAcceleration,347073301,0.1455974,0.14410101,-0.39010525
Gyroscope,347073320,0.28788877,0.115887456,-0.07541886
LinearAcceleration,347073321,-0.22490533,3.3101335,-2.4100633
Gyroscope,347073340,0.18881918,0.1893907,-0.06476621
LinearAcceleration,347073341,-0.961272,4.0601172,-1.4351742
Gyroscope,347073361,0.43915632,0.31083083,0.4167333
LinearAcceleration,347073361,-0.34880525,-0.55605334,-0.16145898
Gyroscope,347073380,0.11318541,0.24584971,0.19409305
LinearAcceleration,347073381,-0.28431144,-1.3265374,0.6631939
Gyroscope,347073401,-0.29587612,0.08606005,-0.067962006
LinearAcceleration,347073401,-0.5104139,0.42182842,0.18210897
Gyroscope,347073420,-0.54621327,-0.05135906,-0.30551597
LinearAcceleration,347073421,-1.0675147,2.703353,-0.739958
Gyroscope,347073441,-0.5025374,-0.06733803,-0.21709903
LinearAcceleration,347073441,-0.98790747,1.8363527,-0.3597288
Gyroscope,347073462,-0.4791016,-0.050293796,-0.15957475
LinearAcceleration,347073464,-0.9202713,1.3317747,-0.36107555
Gyroscope,347073481,-0.50466794,-0.016205335,-0.10205047
LinearAcceleration,347073484,-0.7170634,0.8001123,-0.17642274
Gyroscope,347073500,-0.53875643,0.025339978,-0.012568256
LinearAcceleration,347073502,-0.3254618,0.014664485,-0.009726444
Gyroscope,347073520,-0.6111944,0.026405241,0.062000252
LinearAcceleration,347073521,0.041748893,-0.8951322,0.3612252
Gyroscope,347073540,-0.6751103,-0.015140071,0.14189509
LinearAcceleration,347073541,0.23133974,-2.0852,0.4882675
Gyroscope,347073561,-0.80400723,-0.062011704,0.19728884
LinearAcceleration,347073562,0.22325931,-2.5321677,0.26007015
Gyroscope,347073580,-0.9339695,-0.10142649,0.25374785
LinearAcceleration,347073582,0.23762453,-1.8909705,-0.0525228
Gyroscope,347073601,-0.9456874,-0.1429718,0.36027429
LinearAcceleration,347073602,0.13991116,-1.9596541,-0.28072014
Gyroscope,347073620,-0.9137295,-0.1791908,0.44762596
LinearAcceleration,347073621,-0.06778584,-2.2234652,-0.4918588
Gyroscope,347073640,-0.88177156,-0.20262662,0.46680075
LinearAcceleration,347073641,-0.30107087,-2.2480059,-0.5304653
Gyroscope,347073660,-0.8263778,-0.20156135,0.46360496
LinearAcceleration,347073661,-0.4475661,-2.3410804,-0.6274305
Gyroscope,347073681,-0.79335463,-0.17599499,0.44443017
LinearAcceleration,347073681,-0.58912325,-1.9976621,-0.6307225
Gyroscope,347073700,-0.78909355,-0.13018863,0.43058175
LinearAcceleration,347073701,-0.6832453,-2.2052095,-0.35464114
Gyroscope,347073721,-0.8732495,-0.08438226,0.39755854
LinearAcceleration,347073721,-0.5940613,-2.7328317,-0.07511808
Gyroscope,347073740,-1.0479528,-0.07479488,0.31766373
LinearAcceleration,347073741,-0.39534256,-3.0334535,0.111779295
Gyroscope,347073760,-1.2450267,-0.11740546,0.22605097
LinearAcceleration,347073761,-0.18270752,-3.3654995,0.35538933
Gyroscope,347073780,-1.4943037,-0.18238659,0.21220388
LinearAcceleration,347073781,0.018255789,-3.668366,0.83737206
Gyroscope,347073800,-1.994978,-0.28145617,0.016195215
LinearAcceleration,347073801,-0.38456866,0.45429978,-0.004938041
Gyroscope,347073821,-2.2527719,-0.32193622,-0.16170394
LinearAcceleration,347073822,-0.65750766,4.087052,0.14036007
Gyroscope,347073841,-1.8671463,-0.2750646,0.14189641
LinearAcceleration,347073841,-0.41988313,2.1776762,0.038456865
Gyroscope,347073861,-1.7467713,-0.23778033,0.16959329
LinearAcceleration,347073862,-0.8065467,4.2452188,-1.3637972
Gyroscope,347073881,-1.8490367,-0.15042865,-0.020023776
LinearAcceleration,347073881,-0.13198037,5.443966,0.31887773
Gyroscope,347073902,-1.4463668,-0.049228534,0.20794281
LinearAcceleration,347073903,0.56443304,2.2903533,0.11028291
Gyroscope,347073920,-1.2056171,0.018948391,0.12698272
LinearAcceleration,347073921,1.1638813,2.8562827,0.13706805
Gyroscope,347073940,-1.0170652,0.11482219,0.0705237
LinearAcceleration,347073941,1.3709798,4.6918874,-0.07855974
Gyroscope,347073961,-0.66126686,0.2192181,0.13124378
LinearAcceleration,347073961,1.9554642,3.289633,0.26545712
Gyroscope,347073980,-0.42584345,0.23519707,0.09609005
LinearAcceleration,347073981,2.231845,1.9264345,0.26785132
Gyroscope,347074000,-0.37897182,0.18832543,-0.026415361
LinearAcceleration,347074001,2.1004632,1.8035821,0.3167828
Gyroscope,347074020,-0.3374265,0.1563675,-0.033872213
LinearAcceleration,347074021,1.7984943,0.9886557,0.1822586
Gyroscope,347074040,-0.35873178,0.13293168,-0.08287438
LinearAcceleration,347074041,1.4466964,0.85547817,-0.23867199
Gyroscope,347074060,-0.3459486,0.10630007,-0.16276921
LinearAcceleration,347074062,1.0423756,0.8113351,-0.4671686
Gyroscope,347074081,-0.22237794,0.07753793,-0.20324926
LinearAcceleration,347074082,0.8375217,0.111180745,-0.7273884
Gyroscope,347074101,-0.07643672,0.034927357,-0.23414193
LinearAcceleration,347074104,0.6947674,-1.0730513,-0.77362645
Gyroscope,347074122,0.024763403,-0.021531656,-0.29273146
LinearAcceleration,347074123,0.5770026,-1.9355625,-0.97623575
Gyroscope,347074140,0.05032975,-0.07372961,-0.35025576
LinearAcceleration,347074145,0.41718966,-2.087744,-1.1028291
Gyroscope,347074161,0.058851864,-0.10675281,-0.35025576
LinearAcceleration,347074161,0.32680854,-2.1592708,-1.1956044
Gyroscope,347074180,0.034350783,-0.12699284,-0.32042834
LinearAcceleration,347074181,0.32830492,-2.0965724,-1.2785037
Gyroscope,347074200,-0.0071945298,-0.15682024,-0.3214936
LinearAcceleration,347074201,0.33189622,-1.9271827,-1.3007997
Gyroscope,347074220,-0.015716646,-0.18664764,-0.31084096
LinearAcceleration,347074221,0.2264017,-1.8971056,-1.2910733
Gyroscope,347074240,-0.030630346,-0.20475714,-0.30018833
LinearAcceleration,347074241,0.19228433,-1.9063832,-1.1405379
Gyroscope,347074260,-0.07430619,-0.21114872,-0.2767525
LinearAcceleration,347074261,0.23897126,-1.6531962,-0.9807249
Gyroscope,347074281,-0.16272819,-0.22499716,-0.26609826
LinearAcceleration,347074281,0.33758244,-0.8726865,-0.9234137
Gyroscope,347074301,-0.20001245,-0.25269404,-0.2533151
LinearAcceleration,347074301,0.30930093,0.04369418,-0.96621
Gyroscope,347074321,-0.12863973,-0.27932563,-0.22242242
LinearAcceleration,347074322,0.20904374,1.081431,-0.952593
Gyroscope,347074340,0.027954137,-0.27399933,-0.17128973
LinearAcceleration,347074342,0.22370823,1.8532617,-0.6621464
Gyroscope,347074360,0.20798382,-0.2388456,-0.06582855
LinearAcceleration,347074364,0.15457565,2.636914,-0.595408
Gyroscope,347074388,0.42529777,-0.19516976,-0.0072390046
LinearAcceleration,347074403,0.114772044,3.5140896,-0.62084645
Gyroscope,347074404,0.73955077,-0.14190654,0.12378852
LinearAcceleration,347074404,0.25662848,3.2254386,-0.6025906
Gyroscope,347074427,0.9025362,-0.10675281,0.18663912
LinearAcceleration,347074431,0.4441244,2.544438,-0.054617725
Gyroscope,347074441,0.9451468,-0.09610017,0.23990235
LinearAcceleration,347074442,0.42317516,1.5406688,0.47928926
Gyroscope,347074460,0.8961446,-0.095034905,0.2409676
LinearAcceleration,347074461,0.24675241,1.7799393,0.3800795
Gyroscope,347074480,0.7107886,-0.06946856,0.102483235
LinearAcceleration,347074481,-0.5802946,5.7459345,-1.18094
Gyroscope,347074501,0.740616,0.12014851,0.24948972
LinearAcceleration,347074501,-0.32890347,2.6858454,0.7722797
Gyroscope,347074520,1.0335637,0.23839286,0.5190016
LinearAcceleration,347074521,-0.5612907,-0.79607207,0.88839847
Gyroscope,347074540,0.8226414,0.230936,0.2558813
LinearAcceleration,347074543,-0.6159084,-1.5964836,1.1118075
Gyroscope,347074563,0.47962627,0.16702014,-0.038131673
LinearAcceleration,347074564,-0.83378077,-0.96306765,0.8880992
Gyroscope,347074586,0.037541516,0.12547484,-0.2714246
LinearAcceleration,347074587,-1.1246762,1.1263223,0.15367782
Gyroscope,347074600,-0.2916252,0.14358433,-0.33320993
LinearAcceleration,347074601,-1.1013328,2.1155765,0.46612114
Gyroscope,347074620,-0.4290443,0.18832543,-0.19152975
LinearAcceleration,347074621,-0.8111855,1.9219455,0.43439797
Gyroscope,347074640,-0.5398318,0.19897808,-0.10950439
LinearAcceleration,347074641,-0.5732617,2.617012,0.38022915
Gyroscope,347074661,-0.4950907,0.21815284,0.07585162
LinearAcceleration,347074661,-0.28685528,1.3771149,0.38965634
Gyroscope,347074681,-0.42052218,0.21602231,0.23990235
LinearAcceleration,347074683,-0.10564415,-0.0700304,0.28700492
Gyroscope,347074700,-0.34488842,0.19897808,0.33151507
LinearAcceleration,347074702,-0.12000936,-1.1028291,0.0134673845
Gyroscope,347074720,-0.25966725,0.18832543,0.3911699
LinearAcceleration,347074728,-0.08678981,-1.9250878,-0.1666963
Gyroscope,347074741,-0.18935981,0.17873806,0.38371304
LinearAcceleration,347074741,-0.07466917,-2.340781,-0.2685995
Gyroscope,347074760,-0.13077027,0.15743276,0.34642878
LinearAcceleration,347074774,-0.11387422,-2.404826,-0.52896893
Gyroscope,347074782,-0.075391695,0.13186643,0.28784323
LinearAcceleration,347074783,-0.16924013,-2.1932385,-0.8105869
Gyroscope,347074801,0.0140905185,0.11482219,0.25695056
LinearAcceleration,347074804,-0.25079262,-2.095076,-0.9934441
Gyroscope,347074823,0.09505062,0.10630007,0.2377758
LinearAcceleration,347074825,-0.45055884,-1.9063832,-0.9021651
Gyroscope,347074840,0.119551696,0.11056113,0.2260579
LinearAcceleration,347074841,-0.5319617,-1.6323967,-0.45504797
Gyroscope,347074860,0.08546323,0.1233443,0.1994263
LinearAcceleration,347074861,-0.55455697,-1.4639047,-0.104297414
Gyroscope,347074880,0.087593764,0.13612747,0.18664312
LinearAcceleration,347074881,-0.43664253,-1.0622773,-0.20620061
Gyroscope,347074900,0.16003175,0.11801799,0.14083675
LinearAcceleration,347074901,-0.46387658,0.123451024,-0.29059622
Gyroscope,347074921,0.33153933,0.09245164,0.13764095
LinearAcceleration,347074921,-0.4794389,-0.2721908,0.23313539
Gyroscope,347074940,0.4604363,0.05197159,0.15468518
LinearAcceleration,347074944,-0.15592238,-1.3687352,0.59750295
Gyroscope,347074961,0.37201938,-0.04390221,0.025788188
LinearAcceleration,347074962,-0.44651863,1.0145429,0.07182605
Gyroscope,347074980,0.25270975,-0.08651279,-0.058367703
LinearAcceleration,347074981,-0.33713353,3.3176153,0.033668462
Gyroscope,347075001,0.37947622,-0.123797044,0.03857136
LinearAcceleration,347075002,-0.071975686,2.497751,0.03127426
Gyroscope,347075020,0.4338047,-0.19730029,0.06946403
LinearAcceleration,347075021,0.22236149,2.8782794,-0.3393781
Gyroscope,347075041,0.2122297,-0.3080878,-0.14784992
LinearAcceleration,347075042,0.46731824,5.618144,-0.36272156
Gyroscope,347075062,0.3411267,-0.34004572,0.07692088
LinearAcceleration,347075063,0.8949825,2.542642,-0.12479776
Gyroscope,347075080,0.4338047,-0.36561206,0.22286211
LinearAcceleration,347075081,1.295712,0.7070377,-0.043245267
Gyroscope,347075103,0.29425508,-0.35708997,0.2409716
LinearAcceleration,347075104,1.5731401,1.6555905,-0.13497312
Gyroscope,347075120,0.29105926,-0.33791518,0.3187359
LinearAcceleration,347075123,1.6877626,2.2203228,-0.5943606
Gyroscope,347075140,0.3496488,-0.34111097,0.33578014
LinearAcceleration,347075154,2.1571758,0.7754221,-0.23897126
Gyroscope,347075162,0.29958138,-0.41887528,0.23990634
LinearAcceleration,347075163,2.1320367,0.31049803,-0.4715081
Gyroscope,347075180,0.19518547,-0.5094228,0.11953146
LinearAcceleration,347075181,2.016217,0.43275195,-0.51460373
Gyroscope,347075201,0.14192225,-0.57546914,0.13657568
LinearAcceleration,347075207,1.7359458,-0.03247136,-0.44606972
Gyroscope,347075220,0.056701098,-0.63512397,0.14722833
LinearAcceleration,347075221,1.1571476,-0.39983168,-0.66244566
Gyroscope,347075244,-0.0061495053,-0.6521682,0.14296727
LinearAcceleration,347075245,0.51310736,-0.6570587,-0.8523358
Gyroscope,347075260,0.018351577,-0.6244713,0.15788098
LinearAcceleration,347075261,0.23777416,-1.378312,-0.7908347
Gyroscope,347075283,0.080147035,-0.5818607,0.17172675
LinearAcceleration,347075284,0.12449849,-2.4990976,-0.6132149
Gyroscope,347075301,0.07162492,-0.5594902,0.10887615
LinearAcceleration,347075301,0.3196259,-3.0591912,-0.5366005
Gyroscope,347075320,0.022622755,-0.6074271,-0.01895558
LinearAcceleration,347075321,0.89543146,-2.435801,-0.33324295
Gyroscope,347075340,0.058841746,-0.7746736,-0.12867782
LinearAcceleration,347075341,1.5858593,-1.3322237,-0.37783495
Gyroscope,347075360,0.21223982,-1.0601645,-0.14572205
LinearAcceleration,347075361,2.377143,-0.6655881,0.08888474
Gyroscope,347075380,0.44127166,-1.4915966,-0.07328407
LinearAcceleration,347075381,3.2906806,-0.782455,0.78888947
Gyroscope,347075400,0.62769294,-2.0700352,0.010871822
LinearAcceleration,347075401,3.975123,-0.50966567,1.5502456
Gyroscope,347075420,0.7853521,-2.7411518,0.15787831
LinearAcceleration,347075421,3.7626376,-0.023493104,2.5371056
Gyroscope,347075444,0.90892273,-3.382441,0.35388696
LinearAcceleration,347075445,2.7278936,-0.14514847,2.7642555
Gyroscope,347075460,0.96644706,-3.9054859,0.53604716
LinearAcceleration,347075461,1.6433202,-0.10459669,3.0099604
Gyroscope,347075480,0.99947023,-4.290046,0.652161
LinearAcceleration,347075481,0.33039984,0.100257196,3.0367455
Gyroscope,347075500,1.0442114,-4.4892507,0.76827484
LinearAcceleration,347075501,-1.2898762,0.5379472,2.4021325
Gyroscope,347075520,1.0005355,-4.4722066,0.7736012
LinearAcceleration,347075521,-3.2728736,1.825878,1.5973815
Gyroscope,347075541,1.0037313,-4.1952376,0.8140812
LinearAcceleration,347075541,-4.468628,1.8981531,1.1355999
Gyroscope,347075561,1.0644513,-3.6956286,0.88545394
LinearAcceleration,347075564,-5.1660886,0.6037877,0.60303956
Gyroscope,347075581,0.9472723,-3.173649,0.6606831
LinearAcceleration,347075581,-5.0254292,3.9733274,-1.9674352
Gyroscope,347075600,0.7235668,-2.6623223,0.07478769
LinearAcceleration,347075604,-5.478981,5.7912745,-0.92012167
Gyroscope,347075620,1.1954789,-1.8505907,0.7395127
LinearAcceleration,347075629,-3.4222121,-0.2379238,0.011821371
Gyroscope,347075646,1.0772345,-1.3445901,0.71607685
LinearAcceleration,347075646,-2.1342812,-1.9400516,0.71481884
Gyroscope,347075661,0.43488008,-1.0292718,0.3890407
LinearAcceleration,347075662,-1.7443255,1.7518075,0.20605098
Gyroscope,347075680,0.10145232,-0.7778694,0.32086378
LinearAcceleration,347075681,-1.3296797,4.120421,-0.38172552
Gyroscope,347075700,0.078016505,-0.54670703,0.51580715
LinearAcceleration,347075701,-0.56039286,3.040636,-0.19752164
Gyroscope,347075720,0.07695124,-0.40183106,0.6766621
LinearAcceleration,347075721,-0.19243397,1.7727567,0.19482817
Gyroscope,347075741,0.039666984,-0.33045834,0.74803483
LinearAcceleration,347075742,0.14664486,0.4127005,0.86251116
Gyroscope,347075760,-0.02637941,-0.3016962,0.7512306
LinearAcceleration,347075761,0.27443537,-1.1942577,1.3413515
Gyroscope,347075781,-0.097747065,-0.30595726,0.6606818
LinearAcceleration,347075781,0.14499883,-1.8368016,1.6820763
Gyroscope,347075800,-0.08815969,-0.3315236,0.564808
LinearAcceleration,347075806,0.043993454,-2.4157495,1.9210476
Gyroscope,347075820,-0.05300596,-0.38372156,0.3847783
LinearAcceleration,347075821,-0.28042087,-1.6729485,1.4872482
Gyroscope,347075840,0.044998366,-0.41035318,0.30488348
LinearAcceleration,347075841,-0.45579615,-1.194557,1.2364556
Gyroscope,347075860,0.18135221,-0.41674477,0.307014
LinearAcceleration,347075861,-0.5267244,-1.8064252,1.2207435
Gyroscope,347075882,0.21544068,-0.42207107,0.2409676
LinearAcceleration,347075883,-0.8113351,-1.7488147,1.0034698
Gyroscope,347075900,0.22609332,-0.4007658,0.14083275
LinearAcceleration,347075901,-0.9388263,-1.3563153,0.8869021
Gyroscope,347075920,0.26231232,-0.35922047,0.059872653
LinearAcceleration,347075921,-0.9060557,-1.1596915,0.9142858
Gyroscope,347075940,0.26124704,-0.30382672,0.021523135
LinearAcceleration,347075941,-0.9648633,-0.9850644,0.88839847
Gyroscope,347075960,0.2058533,-0.22286664,0.019392606
LinearAcceleration,347075961,-0.86729956,-0.88166475,1.0290579
Gyroscope,347075980,0.14513323,-0.13018863,0.03004525
LinearAcceleration,347075981,-0.59106857,-1.1890204,1.2747627
Gyroscope,347076001,0.08654368,-0.07372961,-0.048784316
LinearAcceleration,347076001,-0.45893854,-1.0459669,1.4466964
Gyroscope,347076021,0.01197517,-0.031119037,-0.13080968
LinearAcceleration,347076022,-0.4580407,0.19722237,1.117344
Gyroscope,347076040,-0.10626918,0.017883126,-0.1808771
LinearAcceleration,347076042,-0.7091326,2.329259,0.4110545
Gyroscope,347076060,-0.1478145,0.11695272,-0.1031128
LinearAcceleration,347076061,-0.40252516,2.7102363,0.33833063
Gyroscope,347076081,-0.12011762,0.2192181,0.026849458
LinearAcceleration,347076082,0.9223662,2.0431519,0.37110126
Gyroscope,347076102,-0.1595324,0.1446496,-0.041327465
LinearAcceleration,347076103,0.99853176,4.861576,-1.3364135
Gyroscope,347076121,-0.24262303,-0.03431483,-0.38008156
LinearAcceleration,347076125,0.33069912,6.1719527,-0.8834604
Gyroscope,347076140,-0.04128805,0.10203902,-0.053045373
LinearAcceleration,347076141,-0.079008654,2.0350714,-1.1472715
Gyroscope,347076160,-0.021048028,0.30550453,-0.15744129
LinearAcceleration,347076161,0.29553428,2.1604679,-1.4742297
Gyroscope,347076180,0.2356807,0.4940563,-0.23520559
LinearAcceleration,347076181,1.1822867,1.835006,-1.8107647
Gyroscope,347076200,0.47856098,0.5366669,-0.2703593
LinearAcceleration,347076201,2.1324856,2.3080103,-1.8749592
Gyroscope,347076220,0.5126495,0.46529418,-0.15744129
LinearAcceleration,347076221,2.5873837,1.929128,-1.9752164
Gyroscope,347076241,0.39866614,0.3150919,-8.4741786E-4
LinearAcceleration,347076241,2.5312698,0.85802203,-1.8631378
Gyroscope,347076261,0.26231232,0.16169383,0.1301801
LinearAcceleration,347076262,1.8414404,-0.032621,-1.839944
Gyroscope,347076281,0.1440629,0.07540741,0.19835836
LinearAcceleration,347076281,1.0322002,-0.80684596,-1.5120881
Gyroscope,347076302,0.04073225,0.05942844,0.22392471
LinearAcceleration,347076303,0.84021515,-1.7738042,-0.38037878
Gyroscope,347076320,-0.10840477,0.024274712,0.15361726
LinearAcceleration,347076322,0.36541504,-3.1581018,0.37992987
Gyroscope,347076343,-0.30973974,-0.0066179554,-0.0573051
LinearAcceleration,347076344,-0.4417302,-2.8104935,0.4906617
Gyroscope,347076360,-0.39389563,0.04025368,-0.20324633
LinearAcceleration,347076362,-0.7166145,-2.4507647,0.67187285
Gyroscope,347076382,-0.3502198,0.100973755,-0.25970533
LinearAcceleration,347076383,-0.6171055,-2.7531824,1.0561422
Gyroscope,347076400,-0.33104503,0.11801799,-0.31616434
LinearAcceleration,347076401,-0.8714894,-2.731784,1.086818
Gyroscope,347076423,-0.32465345,0.14251907,-0.36090547
LinearAcceleration,347076423,-1.316362,-2.2973862,0.7305308
Gyroscope,347076440,-0.30121765,0.21282652,-0.37688443
LinearAcceleration,347076441,-1.6331449,-2.0907366,0.44966102
Gyroscope,347076460,-0.2990871,0.34385404,-0.3747539
LinearAcceleration,347076464,-2.0444987,-1.887828,0.015263036
Gyroscope,347076480,-0.30334815,0.54412377,-0.4258866
LinearAcceleration,347076481,-2.7804163,-1.1852795,-0.86849666
Gyroscope,347076506,-0.23410597,0.87648624,-0.57928467
LinearAcceleration,347076506,-3.7271736,-0.4978443,-1.9686323
Gyroscope,347076522,-0.04342364,1.4059227,-0.7252259
LinearAcceleration,347076523,-4.056077,-0.770933,-2.1547816
Gyroscope,347076540,0.08547336,2.0376246,-0.88501555
LinearAcceleration,347076545,-3.8522706,-1.4390649,-1.5632641
Gyroscope,347076560,0.014100639,2.68424,-1.0671757
LinearAcceleration,347076561,-3.6692638,-2.254889,-0.64808047
Gyroscope,347076580,-0.23943229,3.2935712,-1.3398834
LinearAcceleration,347076588,-2.8113914,-0.89782566,-0.22430678
Gyroscope,347076601,-0.47698626,3.7132854,-1.6349617
LinearAcceleration,347076601,-1.0878654,1.1225814,0.69342065
Gyroscope,347076620,-0.57925165,3.8432477,-1.8757114
LinearAcceleration,347076624,-0.081103586,2.262371,1.2888287
Gyroscope,347076640,-0.5440979,3.828334,-1.8746462
LinearAcceleration,347076641,1.0061632,2.4591444,2.011728
Gyroscope,347076660,-0.5334453,3.6280642,-1.8267093
LinearAcceleration,347076667,1.4625579,6.8683662,-0.5439327
Gyroscope,347076821,-0.46526834,3.2392428,-1.8490798
LinearAcceleration,347076821,2.4229321,8.893412,1.6395793
Gyroscope,347076823,0.059907008,2.9452298,-0.9585188
LinearAcceleration,347076824,2.833388,2.221969,2.5727193
Gyroscope,347076824,0.1589766,2.510602,-0.6495921
LinearAcceleration,347076825,2.4045267,-0.95109665,3.3734303
Gyroscope,347076827,-0.0018783275,2.0429509,-0.67835426
LinearAcceleration,347076828,2.045097,0.27039516,2.3509564
Gyroscope,347076828,-0.16592905,1.5316238,-0.8754282
LinearAcceleration,347076829,1.0326492,3.4157777,0.8598177
Gyroscope,347076829,-0.23623145,1.1918045,-0.75185883
LinearAcceleration,347076829,0.8655039,2.507627,1.0003273
Gyroscope,347076830,-0.3576716,0.9926001,-0.52921855
LinearAcceleration,347076830,0.22655134,1.927482,0.61276597
Gyroscope,347076831,-0.38856426,0.89246523,-0.357711
LinearAcceleration,347076832,-0.013617022,1.7559973,0.42751464
Gyroscope,347076840,-0.25434095,0.8210925,-0.2139003
LinearAcceleration,347076841,0.14110826,0.39579147,0.63206923
Gyroscope,347076860,-0.18190296,0.7135008,-0.1840729
LinearAcceleration,347076861,0.1933318,-0.4333505,0.60693014
Gyroscope,347076880,-0.12863973,0.6091049,-0.17981184
LinearAcceleration,347076881,0.13976152,-0.84844524,0.29852703
Gyroscope,347076900,-0.028504878,0.54092795,-0.12548335
LinearAcceleration,347076901,0.20111294,-1.3000516,0.22819735
Gyroscope,347076920,0.08334789,0.48340368,-0.0402622
LinearAcceleration,347076921,0.4141969,-2.1790228,0.16505028
Gyroscope,347076940,0.09613106,0.3992478,-0.026413765
LinearAcceleration,347076941,0.36272156,-1.8550574,-0.15891513
Gyroscope,347076960,0.13448058,0.32254875,0.016196813
LinearAcceleration,347076961,0.25258827,-1.8104655,-0.21083939
Gyroscope,347076981,0.18987434,0.25117603,0.06306845
LinearAcceleration,347076981,0.07062895,-2.099266,-0.16534956
Gyroscope,347077000,0.21650594,0.19045596,0.0673295
LinearAcceleration,347077003,-0.046686932,-2.2406735,-0.06958149
Gyroscope,347077020,0.21970174,0.14358433,0.09076532
LinearAcceleration,347077021,-0.20066403,-2.4135048,-0.022595279
Gyroscope,347077049,0.13021952,0.111626394,0.11207061
LinearAcceleration,347077056,-0.480636,-2.4521115,0.09367314
Gyroscope,347077060,-0.025309084,0.10523481,0.115266405
LinearAcceleration,347077061,-0.66109896,-2.5103204,0.17717093
Gyroscope,347077080,-0.17231558,0.097777955,0.03963263
LinearAcceleration,347077081,-0.83288294,-1.6005238,-0.19901802
Gyroscope,347077100,-0.19149034,0.09458216,-0.075415924
LinearAcceleration,347077101,-1.0230724,-0.6335656,-0.41928458
Gyroscope,347077120,-0.10520392,0.11269166,-0.14465812
LinearAcceleration,347077121,-0.77961195,0.16594811,-0.7302315
Gyroscope,347077140,-0.049810167,0.08819058,-0.30018672
LinearAcceleration,347077143,-0.81193364,1.989432,-1.1782465
Gyroscope,347077162,0.07162998,0.07327688,-0.3513194
LinearAcceleration,347077164,-0.51101243,1.5415666,-0.7282862
Gyroscope,347077182,0.1547206,0.044514738,-0.33853623
LinearAcceleration,347077182,0.19318216,-0.14634559,0.23672669
Gyroscope,347077201,0.03541099,-0.033249564,-0.35025415
LinearAcceleration,347077203,0.9136872,0.5576994,0.10295067
Gyroscope,347077220,-0.19362086,-0.24630246,-0.57182914
LinearAcceleration,347077223,0.04938041,6.282535,-2.6408045
Gyroscope,347077241,-0.18403348,-0.36348155,-0.5941997
LinearAcceleration,347077242,0.8999206,3.1434371,0.47764325
Gyroscope,347077260,0.039672047,-0.33898047,-0.16809393
LinearAcceleration,347077261,0.3716998,0.66753334,-1.071106
Gyroscope,347077281,0.045013547,-0.27932563,-0.2554499
LinearAcceleration,347077282,0.6322189,4.092888,-1.2349591
Gyroscope,347077300,0.5041425,-0.10249175,0.13656743
LinearAcceleration,347077301,0.90904844,3.2202013,-1.88289
Gyroscope,347077320,0.5829721,0.012556804,0.34003294
LinearAcceleration,347077321,1.3732243,2.7235541,-1.5345336
Gyroscope,347077340,0.373115,0.069015816,0.45934254
LinearAcceleration,347077341,1.9137154,1.6157869,-1.3033435
Gyroscope,347077361,0.117451526,0.04771053,0.47958258
LinearAcceleration,347077361,1.9684827,1.3126211,-1.0829273
Gyroscope,347077380,-0.04872972,0.009361011,0.47745204
LinearAcceleration,347077381,1.7320553,0.49769467,-0.8391677
Gyroscope,347077400,-0.1840183,-0.02685798,0.41992778
LinearAcceleration,347077401,1.1448773,-0.1937807,-0.39983168
Gyroscope,347077422,-0.27137,-0.0172706,0.36240348
LinearAcceleration,347077422,0.6394015,-2.0606594,0.2124854
Gyroscope,347077440,-0.36298272,-0.00768322,0.17704748
LinearAcceleration,347077443,0.3808277,-2.8884547,0.7670424
Gyroscope,347077460,-0.42157227,-0.039641153,-0.049853843
LinearAcceleration,347077461,0.538845,-2.9949968,1.0570401
Gyroscope,347077480,-0.42476806,-0.12166651,-0.20112139
LinearAcceleration,347077481,0.5319617,-2.8272529,0.97668463
Gyroscope,347077500,-0.38535327,-0.21008345,-0.25971094
LinearAcceleration,347077501,0.1467945,-2.7765257,0.5918167
Gyroscope,347077520,-0.33954692,-0.26121616,-0.27355936
LinearAcceleration,347077521,-0.27488428,-2.776825,0.31663316
Gyroscope,347077540,-0.3161111,-0.27612984,-0.2756899
LinearAcceleration,347077541,-0.40776247,-2.797924,0.27144262
Gyroscope,347077560,-0.3246332,-0.27826038,-0.25651515
LinearAcceleration,347077561,-0.2705448,-2.6515784,0.32815528
Gyroscope,347077580,-0.33635113,-0.30382672,-0.2426667
LinearAcceleration,347077581,-0.1842039,-1.8231846,0.11671733
Gyroscope,347077600,-0.30226266,-0.33258888,-0.20644772
LinearAcceleration,347077601,-0.15307927,-1.0598831,-0.14873978
Gyroscope,347077620,-0.25112996,-0.33578467,-0.09566021
LinearAcceleration,347077622,0.20081367,-0.83378077,-0.11312603
Gyroscope,347077641,-0.21384571,-0.34537205,0.02577993
LinearAcceleration,347077641,0.33533788,-0.4813842,-0.3230676
Gyroscope,347077662,-0.15206037,-0.35389414,0.11526214
LinearAcceleration,347077666,0.25019407,0.020201078,-0.5223849
Gyroscope,347077680,-0.051925514,-0.34217626,0.15467693
LinearAcceleration,347077691,-0.06748656,0.9549872,-1.0405799
Gyroscope,347077700,0.019447202,-0.3261973,0.039628368
LinearAcceleration,347077701,-0.44158056,2.6780643,-1.8098669
Gyroscope,347077721,0.13449576,-0.27399933,-0.08820336
LinearAcceleration,347077722,-0.3369839,3.3234513,-1.4986206
Gyroscope,347077740,0.35607076,-0.1696034,-0.017895909
LinearAcceleration,347077741,-0.25303718,1.271321,-0.80205756
Gyroscope,347077760,0.4178561,-0.054554854,-0.014700117
LinearAcceleration,347077761,-0.23373394,2.558055,-1.6605285
Gyroscope,347077781,0.40401778,-0.03431483,-0.22456014
LinearAcceleration,347077781,-0.97159696,6.977452,-2.8571804
Gyroscope,347077800,0.6245275,0.09671269,0.10460657
LinearAcceleration,347077801,0.15143326,0.8049007,0.0863409
Gyroscope,347077820,0.58511275,0.10416955,0.32085526
LinearAcceleration,347077821,0.4563947,-1.853561,1.0154408
Gyroscope,347077840,0.119592175,-0.095034905,0.0737139
LinearAcceleration,347077841,0.9180267,0.13542204,1.5524901
Gyroscope,347077862,-0.11050494,-0.40502685,0.038560174
LinearAcceleration,347077862,0.8912416,1.5141829,0.75985974
Gyroscope,347077880,-0.3896042,-0.764021,-0.050922036
LinearAcceleration,347077882,0.108936176,3.6339493,0.4671686
Gyroscope,347077900,-0.5003917,-0.96748644,0.12804238
LinearAcceleration,347077901,-0.24555531,3.8501756,0.32920274
Gyroscope,347077920,-0.4439327,-1.0409898,0.38903219
LinearAcceleration,347077921,-0.5386954,3.053056,0.44711718
Gyroscope,347077940,-0.31716624,-1.0345981,0.6212598
LinearAcceleration,347077941,-0.66379243,1.7886183,0.59585696
Gyroscope,347077960,-0.22661877,-0.9983791,0.7245905
LinearAcceleration,347077961,-0.7839514,0.5472247,0.6895301
Gyroscope,347077980,-0.10943967,-0.9280717,0.73737365
LinearAcceleration,347077981,-0.7959224,-0.41285014,0.6700772
Gyroscope,347078000,0.06739422,-0.83752424,0.69156724
LinearAcceleration,347078001,-0.8885481,-1.3810055,0.61186814
Gyroscope,347078020,0.19842175,-0.7373893,0.6074114
LinearAcceleration,347078021,-1.0550947,-2.3549967,0.6217443
Gyroscope,347078040,0.21972704,-0.6159492,0.4721228
LinearAcceleration,347078041,-0.856376,-2.4392426,0.1714847
Gyroscope,347078060,0.2538155,-0.50622696,0.3432258
LinearAcceleration,347078061,-0.6937199,-2.7840075,-0.13362639
Gyroscope,347078082,0.26979446,-0.41461423,0.22711198
LinearAcceleration,347078083,-0.6373066,-2.8815713,-0.319177
Gyroscope,347078100,0.25275022,-0.33578467,0.13869503
LinearAcceleration,347078105,-0.49634793,-2.897433,-0.33593643
Gyroscope,347078120,0.235706,-0.3016962,0.0918234
LinearAcceleration,347078121,-0.18809447,-2.8380268,-0.07377134
Gyroscope,347078140,0.20161754,-0.34430677,0.06625705
LinearAcceleration,347078142,0.16998832,-2.529923,0.1619079
Gyroscope,347078160,0.16220276,-0.45083323,0.069452845
LinearAcceleration,347078161,0.197372,-1.8188452,0.29852703
Gyroscope,347078181,0.13876694,-0.57014287,0.13762976
LinearAcceleration,347078181,0.027234044,-1.0447698,0.31708208
Gyroscope,347078202,0.13557114,-0.6766693,0.22391619
LinearAcceleration,347078203,-0.32411507,-0.4997896,0.37199908
Gyroscope,347078220,0.16433328,-0.7736083,0.25267833
LinearAcceleration,347078222,-0.38845924,-0.45534724,0.65795654
Gyroscope,347078241,0.24635865,-0.90250534,0.18343614
LinearAcceleration,347078241,-0.2621651,0.6133646,0.48722005
Gyroscope,347078260,0.35395035,-1.0740129,0.044951763
LinearAcceleration,347078262,-0.45938745,2.2963388,-0.11716624
Gyroscope,347078282,0.484988,-1.2061057,-0.026423618
LinearAcceleration,347078283,-0.54976857,2.2596774,0.017956512
Gyroscope,347078301,0.6106892,-1.247651,0.03749225
LinearAcceleration,347078301,-0.09711481,0.49155954,0.4786907
Gyroscope,347078320,0.48285747,-1.3105016,-0.034945734
LinearAcceleration,347078323,-0.10190321,4.251803,-1.85401
Gyroscope,347078340,0.34650362,-1.4628345,-0.33002397
LinearAcceleration,347078341,-1.117793,5.9970264,-1.6813282
Gyroscope,347078360,0.5957755,-1.3147627,0.055601742
LinearAcceleration,347078361,-0.85891986,0.39040452,-1.141286
Gyroscope,347078380,0.44450796,-1.1102319,0.008730108
LinearAcceleration,347078381,-0.6768109,0.7015011,-1.6733973
Gyroscope,347078401,0.45835638,-0.8460463,0.02364381
LinearAcceleration,347078401,-0.027533319,2.38253,-2.9369373
Gyroscope,347078421,0.6458429,-0.6276671,0.13869236
LinearAcceleration,347078421,0.3700538,3.2968156,-3.3845034
Gyroscope,347078440,0.7023019,-0.45722482,0.29528624
LinearAcceleration,347078441,0.8690952,2.461389,-2.8259063
Gyroscope,347078460,0.5670134,-0.33365414,0.463598
LinearAcceleration,347078461,1.2324153,0.6569091,-1.9194015
Gyroscope,347078480,0.28471828,-0.2569551,0.5669287
LinearAcceleration,347078481,1.2710218,-0.08963293,-1.4516344
Gyroscope,347078500,2.926814E-4,-0.21967085,0.5807771
LinearAcceleration,347078501,1.0724527,-0.60917467,-1.0694599
Gyroscope,347078522,-0.18080227,-0.1909087,0.5573413
LinearAcceleration,347078522,0.6307225,-1.7332524,-0.46327803
Gyroscope,347078540,-0.30650347,-0.14723286,0.47638118
LinearAcceleration,347078542,0.25139117,-2.9893105,0.09816227
Gyroscope,347078560,-0.42368257,-0.10249175,0.30274308
LinearAcceleration,347078561,-0.082899235,-3.452738,0.614412
Gyroscope,347078580,-0.4673584,-0.06307697,0.15680186
LinearAcceleration,347078581,-0.23762453,-3.503914,0.8538322
Gyroscope,347078600,-0.4971858,-0.038575888,0.041753307
LinearAcceleration,347078601,-0.4038719,-4.7520413,1.276708
Gyroscope,347078620,-0.65804076,-0.016205335,-0.13934165
LinearAcceleration,347078621,-0.64942724,-3.5476084,0.9617209
Gyroscope,347078640,-0.74965346,0.04025368,-0.17556064
LinearAcceleration,347078641,-0.57116675,-2.9614778,0.7751228
Gyroscope,347078660,-0.7666977,0.10310428,-0.11590583
LinearAcceleration,347078661,-0.630124,-2.9566894,0.46058455
Gyroscope,347078680,-0.7965251,0.18406437,-0.07222999
LinearAcceleration,347078681,-1.0139444,-2.2688055,-0.16220717
Gyroscope,347078700,-0.7709588,0.33746246,0.03855751
LinearAcceleration,347078701,-1.2382512,-2.5371056,-0.48003745
Gyroscope,347078720,-0.86896306,0.5281448,0.07797229
LinearAcceleration,347078722,-1.479916,-2.285116,-0.8701427
Gyroscope,347078742,-1.0607107,0.7720903,0.11951761
LinearAcceleration,347078742,-1.3934253,-2.3425767,-0.9615713
Gyroscope,347078760,-1.2950689,1.0309496,0.13336605
LinearAcceleration,347078763,-1.27177,-1.8951603,-1.1569979
Gyroscope,347078781,-1.5070565,1.2770257,0.06945018
LinearAcceleration,347078781,-1.3826514,-1.2979566,-1.4267945
Gyroscope,347078800,-1.601865,1.5369502,0.0044690506
LinearAcceleration,347078801,-1.174356,-0.7721301,-1.7890673
Gyroscope,347078820,-1.5848207,1.729763,-0.17129958
LinearAcceleration,347078821,-0.8381202,1.4232032,-2.0139725
Gyroscope,347078840,-1.4026606,1.870378,-0.17023432
LinearAcceleration,347078841,-0.47973818,1.2415432,-1.0788871
Gyroscope,347078860,-1.36005,2.0088623,-0.055185758
LinearAcceleration,347078861,-0.18151042,0.38097733,0.22819735
Gyroscope,347078880,-1.5081217,2.0482771,-0.14892903
LinearAcceleration,347078881,-0.15233108,4.921282,-1.1911154
Gyroscope,347078900,-1.6466061,2.0141888,-0.37263456
LinearAcceleration,347078901,0.47465047,5.956475,2.2260091
Gyroscope,347078920,-1.2386098,2.0685172,0.24415354
LinearAcceleration,347078925,0.60094464,0.5957073,4.0467997
Gyroscope,347078941,-1.199195,1.8757043,0.16958503
LinearAcceleration,347078943,1.3126211,-0.40087914,5.463568
Gyroscope,347078961,-1.4314227,1.4506638,-0.3736998
LinearAcceleration,347078962,0.3978864,3.7051768,4.12087
Gyroscope,347078980,-1.3728331,1.0906044,-0.58249164
LinearAcceleration,347078987,-0.13676877,6.425439,3.1977556
Gyroscope,347079000,-1.0724286,0.87435573,-0.42802832
LinearAcceleration,347079010,-0.67321956,4.88058,2.655918
Gyroscope,347079023,-0.8881379,0.7880693,-0.23308492
LinearAcceleration,347079024,-1.0688614,3.6595373,2.1300914
Gyroscope,347079041,-0.81037354,0.80724406,-0.051989965
LinearAcceleration,347079044,-0.98581254,3.1081228,1.571943
Gyroscope,347079061,-0.68147653,0.86157256,0.16958503
LinearAcceleration,347079062,-0.5816414,1.4815619,1.2286744
Gyroscope,347079081,-0.56962377,0.8530504,0.24095775
LinearAcceleration,347079083,-0.16983868,0.65990186,0.75941086
Gyroscope,347079101,-0.3927899,0.7923304,0.2335009
LinearAcceleration,347079102,-0.023193829,0.25842413,0.08544307
Gyroscope,347079122,-0.1051685,0.73906714,0.26439357
LinearAcceleration,347079125,0.07047931,-0.7206547,-0.5391443
Gyroscope,347079140,0.16860446,0.6975218,0.2931557
LinearAcceleration,347079142,-0.044891283,-1.8743607,-0.8370728
Gyroscope,347079164,0.31667623,0.710305,0.41246533
LinearAcceleration,347079165,0.28221652,-3.9661448,-0.6787562
Gyroscope,347079181,0.19949713,0.7017829,0.40074742
LinearAcceleration,347079181,0.4559458,-4.0334816,-0.59870005
Gyroscope,347079202,0.04290326,0.6623681,0.36985475
LinearAcceleration,347079203,0.5705682,-3.7349546,-0.84455466
Gyroscope,347079220,-0.03166525,0.5920606,0.30274308
LinearAcceleration,347079221,0.5858312,-2.5846903,-0.8447043
Gyroscope,347079240,0.008814797,0.49938264,0.24947987
LinearAcceleration,347079241,0.52268416,-1.8611926,-0.8590695
Gyroscope,347079260,0.055686433,0.38326883,0.16106293
LinearAcceleration,347079261,0.09771336,-1.3718776,-0.8590695
Gyroscope,347079281,0.08870457,0.29485187,0.10140944
LinearAcceleration,347079281,-0.41928458,-1.1704654,-0.8158242
Gyroscope,347079300,0.11427092,0.2341318,0.063059926
LinearAcceleration,347079301,-0.7086837,-1.1798925,-0.7116765
Gyroscope,347079320,0.11853197,0.16488962,-0.0040517333
LinearAcceleration,347079321,-1.0666169,-0.8137293,-0.86400753
Gyroscope,347079340,0.090835094,0.100973755,-0.12016556
LinearAcceleration,347079341,-1.3205519,1.2324153,-1.2277765
Gyroscope,347079360,0.047159255,0.056232646,-0.190473
LinearAcceleration,347079361,-1.2608465,2.695871,-0.9156325
Gyroscope,347079380,0.049289785,-0.003422162,-0.1787551
LinearAcceleration,347079381,-1.0947487,1.5117887,-0.17133506
Gyroscope,347079404,-0.030605048,-0.07479488,-0.15744981
LinearAcceleration,347079405,-0.8264485,1.6903064,0.10414778
Gyroscope,347079420,-0.19465578,-0.12060125,-0.12123082
LinearAcceleration,347079428,-0.4433762,4.3507133,-0.80924016
Gyroscope,347079441,-0.37255493,-0.15255918,-0.13934031
LinearAcceleration,347079444,0.060453594,7.49026,-0.13976152
Gyroscope,347079462,-0.15630625,-0.107818075,0.19302219
LinearAcceleration,347079463,0.54902035,3.2517748,0.22026655
Gyroscope,347079481,0.06739928,-0.05881591,0.21326222
LinearAcceleration,347079482,0.68144965,2.1799207,0.42916065
Gyroscope,347079502,0.27086478,0.06475476,0.16745584
LinearAcceleration,347079502,1.0616788,1.052102,0.67860657
Gyroscope,347079520,0.43598077,0.19684754,0.23030645
LinearAcceleration,347079522,1.4806641,-0.38681322,0.5433341
Gyroscope,347079541,0.23358053,0.2756771,0.13017158
LinearAcceleration,347079542,1.7637784,0.8252514,0.19901802
Gyroscope,347079560,0.06952981,0.32574454,0.16532531
LinearAcceleration,347079561,2.144606,0.5348048,0.41090485
Gyroscope,347079581,-0.09345565,0.30443925,0.15786846
LinearAcceleration,347079582,2.3666685,0.38411975,0.45340195
Gyroscope,347079600,-0.18080734,0.20217387,0.049211487
LinearAcceleration,347079601,2.0072389,0.4914099,0.16579847
Gyroscope,347079621,-0.13819675,0.10630007,-0.026422286
LinearAcceleration,347079622,1.5376761,0.14021043,-0.099658646
Gyroscope,347079640,-0.099847235,0.04025368,-0.070098124
LinearAcceleration,347079643,1.2120646,-0.60558337,-0.037409402
Gyroscope,347079660,-0.06575877,-0.014074806,-0.11057818
LinearAcceleration,347079665,0.96785605,-0.480636,0.053420626
Gyroscope,347079680,0.053550843,-0.080121204,-0.1638414
LinearAcceleration,347079681,0.80594814,-0.57236385,0.077213004
Gyroscope,347079700,0.22399315,-0.14936338,-0.20006038
LinearAcceleration,347079703,0.9436147,-1.1011832,0.17417817
Gyroscope,347079721,0.360347,-0.22606243,-0.2298878
LinearAcceleration,347079721,1.1493665,-0.5931635,0.017058687
Gyroscope,347079741,0.5840525,-0.31447938,-0.23308359
LinearAcceleration,347079742,1.0304046,-0.5186439,0.029777884
Gyroscope,347079760,0.8365202,-0.39543948,-0.23521411
LinearAcceleration,347079761,0.74325,-1.2906244,0.10055647
Gyroscope,347079782,0.955845,-0.45296347,-0.31298268
LinearAcceleration,347079783,0.23642741,-1.5340848,-0.31423897
Gyroscope,347079800,0.97715026,-0.43591926,-0.36837643
LinearAcceleration,347079801,-0.088136554,-1.6783354,-0.62967503
Gyroscope,347079820,0.89086384,-0.36454654,-0.3811596
LinearAcceleration,347079823,-0.17642274,-1.7331028,-0.8321347
Gyroscope,347079840,0.73640054,-0.27719486,-0.39394277
LinearAcceleration,347079843,-0.13183074,-1.289128,-0.9172785
Gyroscope,347079860,0.6405267,-0.19303897,-0.39287752
LinearAcceleration,347079864,-0.018405426,-0.21308395,-0.9593267
Gyroscope,347079880,0.6607667,-0.12486204,-0.35239747
LinearAcceleration,347079881,0.11447277,-0.3462614,-0.54064065
Gyroscope,347079900,0.7012468,-0.075859874,-0.31937426
LinearAcceleration,347079903,0.24705169,-0.21353287,-0.5482722
Gyroscope,347079920,0.72894365,-0.05242406,-0.3513322
LinearAcceleration,347079921,0.17163433,1.3380594,-0.6621464
Gyroscope,347079940,0.83760065,-0.017270334,-0.31191742
LinearAcceleration,347079943,0.16071078,1.9140146,-0.8548796
Gyroscope,347079960,0.9537145,0.008296013,-0.2884816
LinearAcceleration,347079961,0.008379706,1.3964181,-0.42242697
Gyroscope,347079980,0.9377355,-0.01407454,-0.38861644
LinearAcceleration,347079983,-0.55321026,5.5374894,-2.831293
Gyroscope,347080001,0.9111039,0.009361277,-0.39820382
LinearAcceleration,347080011,-0.29314008,3.992481,-0.97144735
Gyroscope,347080020,1.0708935,0.046645533,-0.036013927
LinearAcceleration,347080026,-0.53091425,-1.395221,0.8049007
Gyroscope,347080040,0.63093936,-0.046032473,-0.21710888
LinearAcceleration,347080041,-0.8925883,-1.7637784,1.6062101
Gyroscope,347080065,0.22294307,-0.17919053,-0.40672594
LinearAcceleration,347080066,-1.7657237,-0.25438392,1.2035353
Gyroscope,347080083,-0.08811414,-0.24843271,-0.5164482
LinearAcceleration,347080084,-2.5025394,1.7419313,0.33414078
Gyroscope,347080101,-0.280927,-0.17812526,-0.49620816
LinearAcceleration,347080101,-2.833388,2.095525,0.108337626
Gyroscope,347080120,-0.2628175,0.044515003,-0.2671763
LinearAcceleration,347080121,-2.6168625,1.728913,0.17103578
Gyroscope,347080140,-0.17227003,0.3055048,-0.017904432
LinearAcceleration,347080141,-1.884985,0.61620766,0.33758244
Gyroscope,347080160,-0.122202605,0.487665,0.1099273
LinearAcceleration,347080161,-1.1165959,0.16594811,0.37663785
Gyroscope,347080180,-0.08491835,0.5750167,0.15999472
LinearAcceleration,347080181,-0.43783963,-0.49485156,0.26276365
Gyroscope,347080200,-0.036981452,0.5984525,0.15999472
LinearAcceleration,347080201,-0.15337855,-0.80101013,0.06120178
Gyroscope,347080220,0.02906494,0.6080399,0.16745158
LinearAcceleration,347080221,-0.055066638,-0.9909002,-0.13347675
Gyroscope,347080240,0.13346085,0.6208231,0.20047477
LinearAcceleration,347080241,0.17058687,-1.2864345,0.007930793
Gyroscope,347080260,0.22081254,0.6186925,0.23136744
LinearAcceleration,347080261,0.20126258,-2.2017677,-0.10998364
Gyroscope,347080281,0.218682,0.5846041,0.15679893
LinearAcceleration,347080282,0.22819735,-1.9779099,-0.12210429
Gyroscope,347080300,0.2485094,0.5356019,0.12697153
LinearAcceleration,347080305,0.2889502,-2.385074,-0.12330139
Gyroscope,347080320,0.26555365,0.46529445,0.0918178
LinearAcceleration,347080321,0.23433249,-2.4012346,-0.23148938
Gyroscope,347080340,0.26342312,0.39924806,0.05027249
LinearAcceleration,347080341,-0.040551793,-2.079364,-0.49829322
Gyroscope,347080360,0.28259787,0.36302906,0.038554583
LinearAcceleration,347080361,-0.29059622,-1.9042882,-0.5844845
Gyroscope,347080380,0.29538104,0.3502459,0.02577141
LinearAcceleration,347080381,-0.49604866,-1.8372505,-0.51445407
Gyroscope,347080400,0.29857683,0.35450694,0.011922972
LinearAcceleration,347080401,-0.53016603,-1.8635868,-0.3549404
Gyroscope,347080420,0.2847284,0.3534417,-0.013643374
LinearAcceleration,347080421,-0.6373066,-1.54845,-0.31109658
Gyroscope,347080440,0.2698147,0.34811535,-0.034948662
LinearAcceleration,347080441,-0.71122754,-1.4519337,-0.23523031
Gyroscope,347080460,0.2367915,0.3321364,-0.047731835
LinearAcceleration,347080461,-0.6799533,-0.7113772,-0.44068274
Gyroscope,347080481,0.15050508,0.28313422,-0.11910455
LinearAcceleration,347080481,-0.7007529,0.830788,-0.9340379
Gyroscope,347080501,0.10469872,0.2213489,-0.17343304
LinearAcceleration,347080506,-0.56188923,1.2589012,-0.70299745
Gyroscope,347080520,0.084458694,0.18086885,-0.14573616
LinearAcceleration,347080523,-0.1714847,0.55021745,-0.52896893
Gyroscope,347080540,-0.08704888,0.12440983,-0.2224352
LinearAcceleration,347080541,-0.14350246,5.110124,-2.7124808
Gyroscope,347080561,-0.17972688,0.069016084,-0.36198485
LinearAcceleration,347080563,0.06194997,6.128857,-1.3021464
Gyroscope,347080581,0.083393425,0.08179926,-0.047731835
LinearAcceleration,347080581,0.39504328,1.0000281,-0.26665422
Gyroscope,347080601,-0.064678326,0.09351717,-0.14360563
LinearAcceleration,347080601,0.904709,0.37559038,0.40656537
Gyroscope,347080621,-0.1733353,0.18299937,-0.07755924
LinearAcceleration,347080621,0.9711481,2.183063,-0.38965634
Gyroscope,347080640,-0.18185742,0.3108311,0.079034634
LinearAcceleration,347080641,1.3208512,2.8764837,-0.32396543
Gyroscope,347080660,-0.20103218,0.41842282,0.28250015
LinearAcceleration,347080661,1.9216461,2.155829,-0.124648124
Gyroscope,347080681,-0.30010176,0.41416177,0.3197844
LinearAcceleration,347080681,2.3421278,1.5830163,0.40536827
Gyroscope,347080700,-0.35229972,0.31935322,0.28782645
LinearAcceleration,347080701,2.457199,0.59465986,0.64598554
Gyroscope,347080721,-0.42047665,0.16595514,0.14295049
LinearAcceleration,347080727,2.2284033,0.06135142,0.76764095
Gyroscope,347080740,-0.4183461,-2.2610238E-4,0.004466121
LinearAcceleration,347080741,2.0156186,-0.69820905,0.7444471
Gyroscope,347080760,-0.4013019,-0.16001576,-0.13508353
LinearAcceleration,347080761,1.5783775,-1.2354081,0.6702268
Gyroscope,347080781,-0.32994434,-0.27719513,-0.2085825
LinearAcceleration,347080781,1.3640964,-2.1658547,0.5978022
Gyroscope,347080800,-0.30331275,-0.37200364,-0.3076521
LinearAcceleration,347080801,1.1734581,-2.4211364,0.4540005
Gyroscope,347080820,-0.24259266,-0.45615953,-0.4152438
LinearAcceleration,347080821,1.249474,-2.1914427,0.31902736
Gyroscope,347080840,-0.12647885,-0.55203336,-0.48661652
LinearAcceleration,347080841,1.401805,-2.1380222,0.30570963
Gyroscope,347080860,-0.018887138,-0.6724082,-0.57609874
LinearAcceleration,347080861,1.1364976,-1.7075148,-0.12000936
Gyroscope,347080880,0.11214039,-0.7736083,-0.6645157
LinearAcceleration,347080881,0.5588965,-1.5319898,-0.40686464
Gyroscope,347080900,0.2463637,-0.82154524,-0.71351784
LinearAcceleration,347080901,0.2645593,-1.8592472,-0.49275663
Gyroscope,347080920,0.29856166,-0.85137266,-0.77423793
LinearAcceleration,347080921,0.0074818805,-1.5379753,-0.59825116
